1000
44.92 47.94
79.22 39.05
66.15 11.02
69.11 28.87
73.95 36.87
 4.68 24.97
53.02 27.09
14.97 29.90
53.24 20.66
64.93 76.74
20.10 27.41
48.92 54.98
95.25 73.11
32.77 16.16
16.09 24.85
14.19 57.15
74.05 87.79
82.79 33.67
61.24 92.84
 3.30 56.83
76.39 86.13
47.80 42.40
 3.22 56.96
30.93 14.45
50.24 83.64
70.91 68.51
28.37 11.90
36.03 36.97
82.11 88.37
74.60 51.99
61.06 82.85
97.65 66.41
 9.16 36.43
15.42 67.92
 2.85 20.72
80.30 55.30
89.61 80.90
28.26 54.31
54.42 90.24
 4.73 46.97
33.98 51.54
86.84 99.79
12.86 41.39
88.25 57.97
58.94 44.40
37.43 73.21
19.92 65.55
63.57 16.48
66.29 39.14
36.93 94.41
88.19 79.18
92.10 84.27
61.85 17.29
49.28 61.96
49.54 97.30
59.86  1.77
43.72 71.61
28.92 71.02
99.18 45.81
21.87 68.57
38.16 30.10
 9.00 66.19
35.12 92.44
44.66 42.94
28.75 47.10
61.65 76.35
65.87 47.38
31.28 87.06
38.76 80.87
54.62 88.47
63.78 14.49
37.38 87.29
44.87 92.71
85.46 65.39
98.43 60.52
30.38  0.02
62.63 44.64
95.78 76.72
75.08 72.30
48.93 73.42
16.99 14.66
72.82 46.67
39.89 41.82
 7.69 44.41
86.93 48.30
77.67 97.64
48.08 10.71
84.43 65.92
26.02 76.99
91.42 39.64
96.09 44.30
53.21 10.35
79.20 98.86
26.06 30.68
57.79 24.82
43.98 56.80
32.82 44.37
42.70 31.95
99.82 51.46
75.41 31.54
86.67 66.79
45.50 86.31
45.60 92.43
62.48 42.21
16.51 10.82
48.16 15.08
72.05 42.06
78.51 81.56
25.56 62.32
17.97 28.00
11.81 47.72
89.19 45.68
 8.50  8.53
45.48 52.66
97.44 85.63
84.70 97.91
35.27 29.27
45.17  1.91
54.88 13.81
15.77 19.76
39.42 16.18
44.11 20.47
24.78 74.43
93.55 77.09
93.25 81.77
41.79 75.94
33.42 33.05
27.73 35.23
20.42  5.80
90.75 42.23
52.45 93.96
60.79 75.46
32.88 62.17
91.77 83.17
37.88 68.47
26.25 43.32
64.13 86.18
22.69 70.87
66.27 28.47
15.56 26.96
57.00 68.51
73.73 63.99
53.68 73.65
92.95 60.21
 6.98 28.87
78.34 50.50
37.48 56.78
46.29 70.12
69.23 35.48
38.07 29.40
33.76  0.22
45.03 49.22
95.41 48.54
49.74 20.68
84.30 73.44
89.13 49.35
50.52 89.01
46.10 73.77
92.85 80.43
56.03 71.40
34.67 54.31
59.48 99.85
48.91 38.96
96.11 99.12
35.69 88.80
89.59 82.14
31.77 87.49
50.91 85.29
99.09 41.73
59.95 82.79
 3.94  3.67
68.59 84.76
45.86  9.19
92.33 44.11
57.43 54.51
50.47 74.43
 2.52 35.82
60.36 81.32
54.53 70.72
80.74 45.31
55.25 61.92
98.28 83.34
56.02 73.20
57.88 46.21
 0.93 17.60
45.79 77.13
34.46 75.91
76.48 83.88
35.66 15.71
58.61 32.95
 0.76 37.00
62.55 74.17
46.92 31.37
63.93 51.52
47.54 39.61
97.05 86.93
26.92 37.87
32.57 33.94
 5.11 12.83
16.05 18.81
34.65 17.52
79.59 75.81
85.91 79.08
26.38 52.59
57.44  3.78
68.72 49.62
66.29 99.90
43.68 65.84
11.58 64.25
35.24 20.53
69.42 54.58
55.66 30.15
64.02 96.22
53.21 13.03
24.23 30.84
37.59 40.90
13.72 18.27
36.66 25.07
46.92 98.62
48.36  3.61
75.10 22.32
60.91 57.95
20.99 68.30
97.45 51.62
12.82 10.53
55.32 19.67
35.73 44.46
77.87 34.90
48.72 17.49
88.01 98.01
20.32  4.62
85.04 92.02
43.88 38.57
83.90 47.83
 9.65 26.46
58.37 67.76
76.21 47.04
57.99 63.08
25.70 76.70
46.68 32.48
14.02 45.90
50.51 34.24
70.75 13.39
85.19 34.15
34.48 53.96
53.27  1.92
67.62  9.41
87.25 71.02
87.70 81.69
38.31  1.56
27.77 79.25
18.87 42.62
82.79 66.74
50.65 67.39
70.50 95.91
68.79 29.44
45.19 40.64
60.16 14.39
76.54 96.60
48.53 99.95
 2.71  2.69
78.49 77.42
75.58 62.63
28.91 51.53
54.44 33.38
57.23 98.38
43.00 66.06
34.90 29.35
 2.34 31.96
55.85 47.61
71.80 69.91
 7.86 55.70
70.35 54.21
29.70 21.21
86.82 65.56
47.27 94.74
34.69 24.21
39.43 57.38
72.50 38.35
54.47 19.00
 1.62 53.44
20.81 69.88
59.07 57.58
16.24 13.85
35.61 16.94
 3.47 35.99
32.17 35.25
30.80 78.29
12.16 15.25
56.29 98.98
24.51 18.85
88.59 70.50
39.32 42.97
91.59 81.73
23.39 22.50
96.57 49.89
54.95  3.29
75.00 97.22
87.99 71.40
73.73 45.29
 8.96 54.70
45.44 71.54
 4.30 57.35
76.03 73.78
61.94 26.13
20.96  6.56
46.08 71.17
54.32 48.11
91.39 79.64
42.34 79.89
99.99 85.07
13.62 71.61
29.17 62.44
23.95 61.89
51.94 39.98
16.16  1.38
34.43 87.33
13.98 16.87
93.65 80.94
63.61 38.89
77.65 38.08
33.47  8.99
14.96 72.80
43.47  7.73
84.17 81.03
65.72 89.75
54.60 30.35
40.05 53.73
21.21 74.44
14.76 44.89
59.27 89.74
95.49 49.49
62.90 81.22
45.09  8.20
45.06 52.49
10.57 15.25
81.44 83.29
86.73 87.80
 9.68  0.16
75.48 92.68
96.39 83.13
24.78 31.57
81.33 69.81
61.29 60.53
94.26 50.73
22.75  8.95
47.57 12.23
21.97 63.87
77.34 55.09
65.12 82.25
88.39 63.20
61.75 92.16
95.03 69.07
 7.91  2.69
79.69 52.19
51.77 34.32
31.31 76.18
81.48 80.32
 4.47 49.46
15.69  3.33
45.26  9.64
37.50 22.97
66.34 33.26
54.26 73.20
62.65 69.20
80.77 40.56
73.55 54.13
51.90 81.16
13.17 70.74
24.58 14.35
31.87 54.80
51.26 64.97
70.55 32.31
12.27 67.25
11.19 55.57
58.65 49.93
83.76 62.94
53.05 72.46
63.81 18.72
40.83 58.63
38.49 45.27
71.39 79.11
70.19 17.40
31.96 23.95
54.79  7.04
94.12 55.67
 3.35 46.04
60.18  6.89
77.68 45.15
34.67  4.24
45.86 44.96
19.60 37.86
 7.33 16.14
61.36 90.20
22.12 51.90
94.81 84.10
70.60 69.27
62.00 65.76
34.26 80.61
23.39 53.20
71.29 36.25
51.35 77.86
74.27 31.31
55.36 10.19
33.50 38.54
28.56 22.96
29.99 58.38
37.77 43.59
39.57 58.00
75.30 88.41
41.49 73.88
 3.53  1.44
42.33 83.70
71.76 78.35
64.96 84.81
32.70 27.27
82.25 25.84
31.59 28.79
88.32 77.50
63.72 82.47
47.29 51.39
48.44  4.50
73.43 61.31
95.98 99.05
18.95  1.55
13.85  4.52
50.49 98.92
34.98 64.80
29.34 11.95
56.31 62.88
73.19 88.81
 3.87 19.44
72.85 39.49
 5.94 15.55
 8.86 57.69
98.38 44.68
43.29 31.23
89.10 71.97
34.52  9.58
13.38 43.12
86.44 71.91
53.66 43.02
62.60 32.41
57.71 12.07
46.43  2.43
14.97 42.69
72.82 21.61
93.13 71.45
90.68 83.63
85.40 79.73
47.79 15.07
80.14 58.39
30.99 37.64
81.89 81.30
21.04 70.88
26.46 52.48
 9.28 66.43
12.04 33.52
 5.63 15.19
37.47 72.27
73.32 93.60
35.69 30.16
30.86 80.79
74.42 83.91
36.52 15.06
28.14 23.43
 7.59 38.06
95.09 71.99
82.61 43.16
84.99 47.50
 8.18  4.77
 2.64  9.42
30.68 17.02
90.79 86.63
40.76 55.55
78.75 49.24
63.47 35.51
30.27 53.73
65.16 79.38
86.31 59.21
60.76  3.03
56.53 70.81
88.31 88.29
97.20 60.64
40.55  5.07
47.62 40.93
58.55 13.76
30.67 63.70
81.56 65.30
34.46 59.70
15.20 62.01
93.88 38.12
94.91 85.73
 3.21 58.25
 6.07 28.50
51.26 89.92
29.52  5.02
37.73 49.51
50.42 84.48
55.84 36.08
 1.36 45.51
61.59 64.70
84.07 33.18
40.35 25.91
56.52 66.07
 9.71 32.32
45.61 15.26
79.36 67.77
 7.75 32.38
59.31  6.71
12.46 46.32
48.42 75.52
40.65 49.56
21.40 80.27
26.64 12.91
18.88 25.55
10.62 69.89
91.54 84.90
45.46 72.88
43.60 52.10
23.59 26.46
11.46 66.75
55.18 98.93
67.23 82.23
45.45 16.65
94.18 68.53
71.49 60.81
30.04 40.80
84.30 49.88
62.35 50.25
68.61 21.75
84.15 57.12
59.96  5.89
 8.42 38.59
64.68 47.31
28.45 59.34
77.73 81.32
43.18 69.81
78.85 62.39
76.32 78.80
69.20 69.94
39.86 53.64
29.43 20.76
91.06 58.62
54.78 39.40
37.37 25.95
50.58  1.65
42.90 87.41
75.02 81.49
11.66 13.27
19.83  8.90
37.78 72.43
84.28 46.77
36.35 19.50
29.79 17.07
 9.92 55.09
99.74 89.10
85.54 74.37
57.93 37.45
44.37 14.83
69.53 85.22
61.34 48.66
74.81 96.90
46.08 66.88
33.67 41.82
54.54 69.73
65.98 35.73
69.11 78.84
46.23 35.57
97.22 38.18
13.11  3.85
91.97 90.70
 5.86 10.10
27.28  8.78
62.69 55.06
83.56 35.96
75.59 21.89
46.57 15.84
84.72 51.48
32.70 74.62
23.93 70.69
27.90 42.13
26.72 64.98
27.35 75.98
80.33 94.51
53.14 88.85
 3.91 34.42
36.77  7.87
78.85 31.72
47.43 82.96
95.36 38.64
70.69 83.37
21.91 31.89
36.64  5.36
80.48 35.21
62.16 38.24
47.31 37.36
30.57 67.20
37.17 26.42
80.48 78.39
74.96 39.10
26.88 12.16
 7.34 40.10
 7.03 11.74
43.85 24.48
71.21 21.63
42.89 58.37
30.19 44.46
34.25 20.51
37.16 75.56
18.62 22.28
 9.32 48.14
 0.34  8.14
47.49  2.10
70.05 55.42
67.99 13.14
21.77 28.27
31.23 71.33
70.36 11.86
71.81 98.41
47.16 27.78
81.19 24.77
80.67 66.21
29.41 82.26
39.36 85.43
78.34 51.69
42.46 20.42
16.01 28.54
 5.39  9.82
86.58 90.31
56.81 24.92
 0.92 25.37
79.41 25.98
83.61 92.31
80.78 36.22
31.60 27.91
50.17 61.86
 1.80  6.40
61.29 51.34
63.57 12.67
51.25 95.43
71.68 45.73
37.50 53.29
99.42 90.51
44.95 91.30
38.27 48.81
 0.73  4.73
16.94 12.87
27.87 58.47
27.83 64.35
91.48 87.75
49.04 94.37
76.33 53.55
82.27 69.09
36.98 66.90
37.24 54.08
24.39  6.97
71.61 87.66
60.85 46.95
28.69 42.55
34.62 60.66
32.63 10.59
21.34 34.93
84.12 90.89
45.14 52.61
41.22 24.33
 6.41 65.62
61.19 52.12
66.36 29.65
48.80  3.68
75.35 83.94
45.94 33.11
11.84 70.70
57.97  9.33
34.66  5.58
26.16 62.03
92.81 56.82
30.14 30.62
43.61 22.92
87.78 76.49
35.34 70.64
13.97 35.88
70.34 30.40
45.65 29.37
83.16 41.10
90.91 61.74
73.62 61.30
92.41 61.16
31.90 29.75
80.31 47.67
60.50 75.82
48.59 71.02
57.43  7.36
35.35 90.49
39.79 79.56
26.49 62.80
47.91 78.35
77.36 24.36
74.23 90.49
63.39 85.67
29.26 50.13
66.22  9.97
87.54 44.91
34.91 61.05
96.27 95.56
51.85 62.16
19.44 35.40
 0.02 17.68
48.29 58.31
 9.64  6.86
46.95 85.57
76.38 74.02
 7.00 47.67
46.96  1.55
69.27 61.44
93.37 38.78
91.63 90.38
26.94 10.05
44.69 29.22
50.83 94.20
79.52 94.37
52.45 33.44
24.53 81.18
15.61 26.32
 3.92  7.21
38.18 75.51
42.64 48.98
66.80 99.15
63.39 49.22
43.34 82.62
30.45 21.66
76.16 30.03
11.38 20.67
 9.43 41.17
55.03 94.12
75.28 30.06
77.25 46.62
93.05 92.32
37.48 21.49
72.15 35.83
26.53 53.29
45.50 73.03
88.33 36.43
31.69 14.01
95.71 87.97
15.03 65.38
70.72 37.13
25.74 35.95
26.22 15.77
47.15 46.84
80.74 47.22
88.68 29.73
67.91 42.85
86.64 32.98
52.02 20.65
38.14 86.96
80.82 67.52
81.35 33.80
48.35  3.85
22.40 25.78
34.84 64.51
18.41 24.36
79.11 47.05
50.33  5.57
42.66 51.00
 6.89 44.12
77.35 32.91
91.96 91.37
61.10 31.88
84.91 65.61
41.43 53.33
37.58 41.78
57.22 90.20
48.72 85.38
38.90 45.46
59.64 71.40
36.34 69.40
85.13 85.57
80.59 62.16
 8.90 64.68
51.38 37.97
19.66 77.47
52.92 21.75
47.74 91.82
82.62 95.23
32.61  2.30
20.41 35.90
28.18 19.50
81.59 39.70
73.68 39.09
69.11 35.19
 3.57 53.85
85.99 34.44
65.97 80.71
16.91 32.00
62.24 69.11
72.69 27.93
97.16 82.97
61.09 78.76
12.43 59.33
29.55 21.06
48.23 33.94
98.64 43.95
57.10 15.09
64.58 58.44
66.01 94.52
98.77 47.05
50.20  6.47
67.93 62.03
73.49 85.62
38.01 64.39
49.60 20.94
37.26 12.85
76.42 92.71
27.93 74.18
12.95 12.00
39.55 34.22
65.90 94.77
33.02 42.24
47.77 66.12
10.61 69.64
69.07 66.81
20.17  6.42
37.59 91.05
65.37 70.22
55.54 83.13
72.88 56.30
41.82 85.66
22.31 61.42
62.11 69.86
91.78 34.93
43.30 65.32
87.16 87.84
65.86 33.86
35.36  1.27
81.05 55.72
98.16 44.55
75.34 64.99
85.92 64.32
32.85 25.86
15.70 69.78
 1.14 11.35
68.26 61.80
16.09 46.74
19.47 49.94
26.58 34.28
81.04 26.23
45.82 34.69
91.40 37.02
53.30 78.09
29.23 18.77
89.11 88.79
52.60 29.11
33.79  6.67
48.45 74.52
 7.89 66.07
30.57 78.25
63.02 53.65
80.93 62.47
42.34 32.16
69.83 94.22
38.90 71.52
50.24 84.75
13.79 29.83
73.35 82.61
32.25  4.91
48.29 65.88
 1.08 43.51
27.32 69.72
23.36 27.55
91.66 77.96
43.20 81.20
 5.99 58.06
43.46 82.68
 3.91  0.13
80.10 56.84
 6.49 56.63
69.20 79.44
26.96 10.27
49.03 76.12
39.80 73.80
28.07  3.84
96.36 71.97
25.39 67.98
42.36 49.50
72.39 19.11
91.06 41.72
77.85 91.91
16.99  7.12
 9.71  8.35
45.15 16.07
73.08 56.86
83.35 90.99
51.54 65.52
29.51  6.55
42.85 48.18
71.22 20.47
28.69 48.90
60.21  7.30
 0.71 12.37
68.64 19.20
86.03 55.09
87.85 66.89
66.82 41.21
49.82 60.60
65.84 72.99
34.27 34.68
37.58 28.68
76.19 54.02
61.90 77.11
29.15 28.32
59.71 45.72
19.66 27.19
90.74 79.89
49.34 45.56
15.36 73.09
17.44 20.14
77.89 85.75
 6.70 43.74
64.60 14.04
 7.09 13.58
66.57 93.28
27.38 23.79
58.38 63.05
34.92 10.84
47.58 49.63
25.11 55.99
84.99 90.69
 4.83 32.28
54.14  7.99
36.72 34.30
22.36 49.22
19.35 28.41
24.21 82.78
22.84  4.91
19.05 26.07
66.29 84.95
12.59 44.65
93.22 87.54
31.98 69.76
95.53 86.52
18.91  9.29
36.60 38.21
43.67 21.02
17.15 27.20
51.49 11.03
48.85 69.85
46.37  6.64
61.32 16.49
90.54 80.00
31.53 14.32
79.80 61.92
 4.67 50.87
97.55 78.21
38.59 96.52
68.86 68.85
51.26 43.88
40.57 56.50
64.39 92.50
88.88 55.52
58.08 91.48
41.01 61.52
55.34 58.23
67.34 92.09
92.61 44.43
30.94 65.30
78.92 35.61
 7.62 42.99
47.82 82.86
55.07 70.68
15.07 47.59
57.74  6.34
69.34 67.81
99.04 79.19
36.89 62.38
25.63 15.04
14.54 46.14
 3.26 12.77
64.65 27.35
14.59 15.39
29.73 59.77
74.15 39.72
39.10 71.79
41.86 29.90
69.06 77.25
41.47 77.00
51.39 43.76
15.38 49.96
47.46 64.78
86.85 26.93
84.35 31.38
62.66  3.11
80.88 73.49
53.62 85.07
 7.05  2.94
31.44 78.67
50.47 93.28
83.09 27.15
32.73 17.10
 6.27 50.19
