1000
76.48 24.53
17.65 90.61
11.43 98.49
81.78 11.43
48.80 26.54
64.46 29.92
80.16 19.69
23.01 81.11
41.63 45.13
0.96 91.51
41.97 72.39
92.61 27.08
48.31 26.1
96.75 24.33
62.18 58.45
14.22 63.53
65.27 41.58
62.67 52.5
6.96 82.26
26.53 81.49
9.78 93.67
76.02 35.87
17.83 99.56
68.21 33.88
74.17 12.64
86.02 35.13
47.20 35.84
72.76 13.45
23.27 74.39
68.60 9.02
32.95 59.51
16.71 76.32
52.59 39.87
54.40 33.88
10.10 88.07
52.27 64.5
9.18 88.51
84.80 6.91
87.73 18.65
14.35 61.56
25.85 52.29
23.93 70
30.25 72.32
18.18 98.13
94.38 31.56
42.82 38.89
79.23 7.25
51.09 59.15
53.21 38.6
68.12 9.56999999999999
5.93 68.29
62.89 54.82
70.33 7.29000000000001
87.52 8.19
75.24 8.34999999999999
73.33 7.48999999999999
1.97 94.84
51.23 54.15
40.73 55.31
66.76 15.23
53.39 72.49
22.82 82.29
89.95 11.53
63.44 36.78
84.98 11.68
11.95 86.01
31.61 60.93
54.20 37.26
11.11 73.53
28.25 85.83
62.09 56.78
84.22 19.27
4.11 99.32
87.40 15.48
69.26 15.46
38.71 38.98
88.17 18.93
35.82 69.26
97.46 15.83
52.47 46.5
43.69 31.19
72.99 45.2
76.83 21.55
75.87 43.58
70.40 15.2
11.92 97.37
30.40 67.5
48.65 30.47
54.82 64.4
54.67 22.67
61.67 60.2
45.48 55.48
32.18 43.98
17.60 61.92
30.92 53.92
48.49 26.42
11.94 62.83
45.03 35.46
4.08 88.02
65.40 49.76
52.63 37.34
6.77 73.63
17.89 63.27
91.18 12.09
34.89 53.21
79.50 22
84.80 4.73
22.66 84.34
36.83 64.03
62.38 49.14
18.74 76.83
83.26 10.79
71.61 41.04
11.64 84.73
75.12 46.1
77.43 44.83
62.13 60.16
56.63 42.86
83.52 6.56999999999999
84.39 4.8
15.20 92.31
87.78 7.72
66.95 27.46
92.36 26.63
42.09 48.17
47.54 68.31
71.09 17.53
37.60 43.2
97.82 23.04
85.96 18.71
61.88 26.12
40.04 69.29
81.58 3.38
9.02 73.02
38.48 56.89
83.73 40.41
10.72 66.1
39.38 76.84
78.39 26.17
15.71 87.5
13.30 80.41
46.24 34.6
79.95 30.31
39.65 40.51
51.25 41.12
24.62 84.18
6.66 98.08
48.97 49.43
30.14 56.15
7.95 98.04
87.29 1.93000000000001
39.34 41.8
48.89 63.22
28.58 82.89
8.68 74.23
78.42 11.61
18.90 68.64
63.96 56.53
50.61 41.67
42.32 69.51
75.00 18.6
52.10 65.1
35.86 84.83
64.83 11.04
65.82 38.19
57.24 27.19
32.46 65.07
97.25 28.04
91.24 24.17
64.87 57.6
47.57 55.27
91.31 15.75
70.42 3.76000000000001
75.74 36.83
28.96 53.49
40.48 72.58
65.43 50.38
15.73 70.57
81.87 12.26
37.06 57.41
2.09 77.36
30.75 59.61
25.79 52.26
81.26 14.75
21.84 99.55
92.33 15.91
1.69 86.31
51.36 22.93
68.21 56.37
40.94 44.6
20.51 96.83
75.84 18.83
60.88 51.3
2.38 85.85
94.51 22.58
55.26 52.15
13.14 84.98
68.60 46.85
10.70 95.48
18.01 99.13
36.30 40.73
88.82 7.63
40.00 54.03
68.72 56.14
86.92 13.69
47.94 46.44
50.56 65.95
67.93 22.17
47.39 28.73
83.21 1.03
80.88 22.22
83.33 14.88
38.64 53.92
28.06 80.94
51.81 52.43
46.03 54.49
3.36 74.19
87.68 12.46
50.74 71.81
18.23 88.29
73.93 38.36
97.39 28.18
73.41 41.71
11.18 90.38
40.62 70.94
85.77 1.15000000000001
64.20 26.19
5.50 84.55
22.37 81.97
66.39 24.06
52.22 56.4
5.06 93.45
78.20 29.85
91.37 23.26
83.87 39.33
9.35 97.98
65.75 29.7
86.68 28.51
22.94 83.78
30.47 72.33
74.90 35.04
64.99 21.49
42.11 77.6
27.95 68.06
81.68 5.27
12.24 94.87
40.85 43.04
66.09 26.48
64.73 16.32
71.28 5.59999999999999
63.61 52.16
61.05 64.13
33.51 90.56
22.21 58.46
56.07 25.42
73.89 37.08
56.85 58.66
26.36 71.8
9.28 72.47
19.95 63.53
80.09 44.91
43.79 57.17
50.48 53.62
14.88 96.49
58.36 41.98
31.82 63.42
94.22 25.94
61.93 15.26
30.17 50.26
65.94 38.6
37.59 57.57
24.00 69.54
13.27 89.81
12.72 79.2
24.18 93.73
7.59 82.27
20.84 59.41
49.48 51.08
33.05 55.39
29.25 73.25
92.43 14.88
3.40 84.49
8.95 69.59
26.22 75.14
73.13 14.09
22.06 60.44
90.87 28.11
61.89 28.77
53.25 42.92
24.40 65.01
15.28 67.92
7.37 84.21
48.27 60.75
35.04 65.1
6.11 67.98
45.40 39.93
37.39 58.04
62.15 45.92
55.11 50.65
25.76 95.24
23.26 78.99
73.68 8.44
67.44 26.3
78.91 30.43
37.35 75.01
48.16 46.08
18.99 92.02
52.19 29.17
77.51 15.91
6.28 78.33
93.58 3.72
32.44 53.46
39.03 52.13
64.26 22.92
78.75 3.22
24.80 99.42
31.61 77.25
71.01 32.06
96.62 10.36
31.14 47.91
73.99 16.74
32.56 48.53
75.99 40.05
95.93 28
59.17 34.37
42.29 81.04
48.79 61.58
23.59 87.08
21.61 72.35
68.41 43.73
34.01 80.18
61.60 42.89
84.90 28.65
23.58 75.1
31.29 87.48
95.20 15.83
87.95 17.11
50.99 32.02
65.60 56.25
87.89 8.52
14.01 80.84
10.62 81.05
55.53 60.54
37.45 57.1
24.66 64.24
21.46 76.91
95.25 23.54
76.68 30.88
14.64 68.47
43.77 43.19
83.50 42.2
74.20 40.02
57.74 30.92
37.37 74.51
58.38 60.33
65.33 38.28
48.68 42.13
88.84 13.86
59.07 26.85
22.18 67.55
74.09 22.79
63.98 61.26
21.78 72.04
31.33 59.46
25.67 58.24
76.49 6.16
30.50 52.73
84.18 31.24
58.31 27.97
28.33 88.67
3.08 97.6
69.81 38.06
52.45 42.41
27.12 85.21
81.35 26.75
20.20 78.37
88.15 6.40000000000001
78.00 25.04
41.93 56.01
36.87 62.29
82.62 18.27
74.30 36.2
98.41 21.96
28.98 77.48
69.34 54.19
24.37 79.34
7.52 75.37
17.05 95.61
74.38 8.40000000000001
36.38 71.17
63.71 34.05
71.02 42.04
6.01 87.9
23.96 89.64
69.10 45.67
48.71 50.12
60.48 40.68
36.57 89.21
58.54 60.21
21.78 72.23
44.19 57.18
80.15 34.96
20.03 56.49
68.80 51.52
77.27 46.09
98.75 7.69
85.44 1.76000000000001
84.74 25.03
26.82 74.81
18.45 83.3
42.36 65.48
54.00 63.69
68.19 24
40.97 67.79
82.71 19.14
4.53 87.59
41.09 57.17
98.98 26.7
48.47 40.27
83.35 28.77
50.32 60.24
53.67 60.19
66.46 44.03
84.66 12.5
55.85 43.25
71.32 34.66
42.76 44.82
60.38 42.71
63.33 11.48
53.47 68.85
27.65 84.19
87.83 23.32
45.11 52.55
57.61 46.25
70.57 52.35
60.87 63.27
34.13 64.8
25.42 56.41
41.33 52.41
78.27 9.43000000000001
27.79 93.21
32.47 79.22
77.31 25.58
45.56 49.71
19.01 86.85
96.00 19.97
35.01 50.54
1.48 85
35.65 73.58
5.79 99.38
66.97 20.2
96.94 24
14.35 83.47
47.45 61.25
72.49 12.26
45.28 42.9
5.62 73.63
11.52 77.43
66.74 28.42
29.84 57.01
26.14 78.16
44.17 40.21
24.12 83.98
22.77 75.21
64.78 45.37
63.31 30.17
82.07 24.2
34.04 53.53
31.61 44.95
48.08 68.27
68.64 23.07
45.09 32.21
93.16 1.37
42.78 35.59
64.92 25.04
57.15 60.31
22.52 62.75
71.11 11.48
63.42 52.62
70.45 35.62
65.40 39.81
61.62 41.26
89.50 9.61
25.26 68.31
90.31 18.22
34.24 60.67
31.93 52.53
9.91 75.61
32.16 83.04
76.06 23.5
41.82 41.4
61.90 25.05
54.54 55.88
78.40 33.74
17.04 67.8
69.02 13.16
36.59 62.03
20.91 92.14
89.30 31.05
23.60 65.08
57.54 50.46
38.87 68.1
3.46 97.01
57.23 54.7
28.92 96.7
90.58 28.63
52.02 57.07
49.73 57.92
59.89 44.99
43.16 78.7
4.11 94.56
57.60 26.43
75.65 9.91
96.28 20.15
91.91 21.73
74.95 29.53
62.53 11.66
91.13 14.84
89.17 36.14
74.45 33.3
83.94 18.49
20.32 54.33
74.38 46.86
88.05 31
10.23 79
12.24 96.52
71.38 44.76
97.02 6.89
20.33 58
56.26 65.19
14.70 81.05
53.42 32.19
22.34 99.79
66.73 57.89
31.77 62.31
12.22 85.69
66.22 9.83
68.80 51.2
29.77 47.33
57.50 32.31
31.11 58.73
21.13 96.78
86.66 2.69
76.37 48.67
41.84 52
14.81 85.25
30.34 64.59
92.93 16.69
96.18 5.68000000000001
27.30 81.06
51.71 65.45
92.20 24.24
65.86 13.5
25.09 64.63
34.66 73.25
72.89 50.4
48.05 51.83
93.62 14.84
79.82 24.84
77.93 33.09
65.46 17.37
47.07 39.22
51.65 63.68
17.40 98.51
15.16 84.68
81.27 19.94
21.71 98.27
8.44 72.74
74.04 31.85
16.32 66.46
40.52 66.88
44.87 71.73
34.25 68.03
16.78 64.98
35.60 79.4
26.71 77.1
33.23 85.96
80.73 23.09
71.63 33.4
43.81 50.94
12.97 66.53
99.94 23.22
39.43 47.37
44.90 50.11
82.71 9.47
19.05 57.89
78.52 27.38
67.20 46.13
15.93 66.42
37.00 75.93
1.65 77.1
31.78 92.76
63.82 25.96
42.02 40.56
63.66 32.32
77.00 47.41
63.93 42.19
28.93 60.85
29.39 81.76
41.21 44.19
95.11 2.23
76.37 5.52
28.69 49.71
21.69 79.08
94.13 5.81999999999999
68.86 39.74
53.95 33.58
49.06 40.53
27.70 83.26
91.21 3.34999999999999
72.69 40.94
63.31 59.26
57.45 46.87
25.87 54.2
38.78 63.78
21.06 94.09
36.78 43.48
89.50 10.61
71.12 22.15
30.11 51.85
37.09 81.74
12.85 89.2
45.20 36.36
35.77 38.78
11.32 79.14
94.53 11.66
97.04 18.54
89.72 17.7
0.47 75.23
28.66 52.08
25.91 71.67
62.60 43.77
61.03 56.32
22.71 89.73
13.52 90.29
72.47 5.68000000000001
27.02 92.83
39.89 71.44
43.37 74.53
68.19 29.93
50.13 43.32
53.89 33.81
62.12 17.16
33.22 85.09
46.37 54.4
62.79 61.68
80.18 36.03
50.51 67.8
18.59 71.35
46.33 34.13
77.31 0.659999999999997
76.46 12.21
58.31 36.27
33.07 51.77
44.16 53.29
78.82 35.34
16.32 98.63
88.74 12.8
34.50 70.54
54.45 45.8
46.33 34.85
67.36 51.94
90.80 22.98
89.63 31.42
81.58 19.42
37.21 88.24
87.63 18.8
77.90 5.29000000000001
36.81 43.17
36.88 74.53
11.94 85.23
63.87 12.4
54.68 49.98
71.47 53.96
51.00 40.18
80.13 17.78
61.51 45.27
19.21 86.72
40.93 70.35
71.32 44.1
9.77 92.17
51.57 69.45
61.52 29.56
24.88 66.33
53.67 44.91
98.95 5.88
24.25 76.46
87.69 28.43
33.12 58.59
35.81 47.98
34.99 48.76
13.03 61.37
72.73 46
7.71 93.49
7.34 99.69
43.91 68.24
54.34 70.09
59.63 34.25
69.68 44.35
31.48 74.06
46.27 72.57
13.26 88.69
70.23 21.25
46.44 57.7
7.19 69.93
37.14 65.74
18.04 81.06
8.64 69.49
1.11 80.25
46.84 59.83
70.13 16.07
93.45 22.88
35.24 39.27
41.45 44.16
63.83 49.33
85.00 28.41
11.86 82.05
55.17 51.86
0.29 81.05
20.81 86.26
92.63 29.59
8.92 69.33
57.93 25.73
15.31 74.92
87.51 8.48
48.96 62.86
97.16 16.71
17.34 60.95
19.30 61.53
77.73 9.09
54.93 48.78
28.84 89.04
94.63 9.68000000000001
75.45 15.28
91.17 15.06
27.80 64.33
96.32 23.57
10.23 83.71
37.21 42.55
85.97 20.14
35.03 46.69
34.55 63.06
23.39 76.38
86.47 34.28
90.82 1.17
58.17 46.47
13.74 90.31
75.33 47.54
73.29 11.57
46.31 37.12
29.81 49.88
69.79 41.9
85.84 8.98999999999999
57.56 44.89
39.35 78.37
20.49 58.41
90.21 35.55
14.79 93.79
34.00 61
62.26 22.25
98.15 26.66
63.37 27.61
83.98 9.20999999999999
47.33 76.88
31.56 53.77
74.73 10
26.03 69.44
72.01 25.25
54.65 19.49
67.63 51.73
40.14 76.46
63.72 39.97
67.01 21.87
88.16 24.12
47.53 68.05
86.01 39.08
88.14 26.3
80.06 16.06
42.39 61.57
29.90 73.53
24.74 59.14
12.07 86.64
65.47 44.88
1.35 91.66
15.46 95.67
52.31 30.55
81.32 23
29.69 89.47
5.39 76.95
89.09 5.05
36.38 46.92
1.37 80.13
84.18 23.41
74.34 33.19
15.04 73.31
62.57 17.74
11.68 71.66
27.97 56.9
19.01 56.97
10.95 67.97
20.22 55.51
76.43 21.93
33.92 64.35
75.14 43.23
52.37 61.56
89.04 7.40000000000001
21.73 99.58
68.59 55.47
45.67 74.99
93.60 8.44
84.40 12.38
37.33 56.83
8.17 97.06
15.01 67.3
7.85 92.73
17.19 59.82
13.46 75.89
97.20 21.95
88.44 2.2
74.16 37.16
83.55 35.49
87.75 37.88
44.29 31.24
84.13 25.06
46.63 30.66
93.49 13.42
0.98 78.41
70.94 9.7
25.57 65.23
83.47 12.9
40.03 83.19
32.68 64.64
65.89 40
31.67 77.88
80.53 16.04
83.69 1.76000000000001
53.58 65.4
67.73 14.9
58.27 61.94
62.31 40.54
40.92 55.12
34.39 82.64
39.75 57.39
40.24 37.86
39.72 60.83
29.40 92.02
47.54 75.74
49.21 65.63
18.51 68.71
15.11 81.1
16.86 66.73
42.19 33.13
57.70 31.55
25.18 86.74
49.13 72.92
85.74 27.05
26.43 82.32
65.86 33.36
37.91 49.16
48.44 32.89
29.69 77.06
33.25 80.21
73.62 3.48
27.00 71.28
60.97 14.36
30.73 78.54
48.65 41.32
93.42 14.48
84.66 15.87
12.84 99.09
25.94 90.19
79.21 35.93
8.01 71.87
75.60 15.2
90.68 2.69
98.15 27.56
71.44 13.51
26.35 49.11
30.32 53.55
40.01 65.29
80.40 13.73
36.88 73.09
52.66 21.49
82.29 6.05
56.02 41.84
70.21 18.55
57.94 63.57
78.32 22.62
77.37 36.14
37.42 47.95
40.11 50.99
92.35 30.82
25.45 80.06
77.84 33.42
30.16 77.62
37.48 64.99
36.49 88.29
45.16 54.79
95.60 19.22
82.22 4.91
47.12 27.08
39.71 60.86
60.77 35.49
53.83 67.16
34.74 71.28
67.09 31.29
91.87 23.65
58.77 21.01
85.95 14.55
75.82 13.53
28.00 59.44
72.07 52.32
41.10 69.71
39.12 53.4
37.11 88.07
92.38 6.16
87.59 22.24
29.16 88.77
55.54 62.42
7.66 67.16
51.68 42.13
14.68 96.76
68.77 18.02
35.91 49.31
4.79 98.13
61.08 41.44
15.45 60.55
29.48 50.02
63.38 28.5
31.38 60.78
46.12 62.45
32.94 88.14
74.44 33.66
34.91 88.34
52.98 21.34
97.39 26.41
87.10 11.75
75.83 19.04
50.94 29.93
60.91 50.5
58.37 44.82
12.66 81.93
45.29 55.94
91.77 6.09
23.26 84.89
33.94 44.35
82.11 1
89.77 33.09
76.03 32.91
54.90 44.53
30.42 55.29
85.10 35.49
7.89 94.84
72.09 48.26
30.03 53.13
17.85 84.89
34.78 64.52
57.17 30.17
28.65 55.98
26.78 53.16
8.28 87.19
37.60 60.43
65.37 33.98
62.88 46.1
80.33 8.11
34.72 56.77
17.24 82.8
67.77 33.6
70.42 16.66
51.57 25.39
11.05 77.17
27.54 94.92
75.11 48.45
43.63 31.29
45.67 33.45
26.56 79.2
71.27 49.37
59.61 39.46
78.53 44.88
4.85 81.15
81.20 3.47
20.25 96.88
70.09 24.6
68.82 56.49
0.84 86.94
86.50 38.2
93.24 27.66
40.87 43.33
30.42 90.81
46.18 71.94
7.10 97.4
24.93 97.46
27.33 69.83
46.48 72.64
21.35 89.69
24.96 61.33
14.69 63.79
46.62 35.36
65.23 21.69
35.14 64.62
