1000
44.92 52.06
79.22 60.95
66.15 88.98
69.11 71.13
73.95 63.13
4.68 75.03
53.02 72.91
14.97 70.1
53.24 79.34
64.93 23.26
20.10 72.59
48.92 45.02
95.25 26.89
32.77 83.84
16.09 75.15
14.19 42.85
74.05 12.21
82.79 66.33
61.24 7.16
3.30 43.17
76.39 13.87
47.80 57.6
3.22 43.04
30.93 85.55
50.24 16.36
70.91 31.49
28.37 88.1
36.03 63.03
82.11 11.63
74.60 48.01
61.06 17.15
97.65 33.59
9.16 63.57
15.42 32.08
2.85 79.28
80.30 44.7
89.61 19.1
28.26 45.69
54.42 9.76000000000001
4.73 53.03
33.98 48.46
86.84 0.209999999999994
12.86 58.61
88.25 42.03
58.94 55.6
37.43 26.79
19.92 34.45
63.57 83.52
66.29 60.86
36.93 5.59
88.19 20.82
92.10 15.73
61.85 82.71
49.28 38.04
49.54 2.7
59.86 98.23
43.72 28.39
28.92 28.98
99.18 54.19
21.87 31.43
38.16 69.9
9.00 33.81
35.12 7.56
44.66 57.06
28.75 52.9
61.65 23.65
65.87 52.62
31.28 12.94
38.76 19.13
54.62 11.53
63.78 85.51
37.38 12.71
44.87 7.29000000000001
85.46 34.61
98.43 39.48
30.38 99.98
62.63 55.36
95.78 23.28
75.08 27.7
48.93 26.58
16.99 85.34
72.82 53.33
39.89 58.18
7.69 55.59
86.93 51.7
77.67 2.36
48.08 89.29
84.43 34.08
26.02 23.01
91.42 60.36
96.09 55.7
53.21 89.65
79.20 1.14
26.06 69.32
57.79 75.18
43.98 43.2
32.82 55.63
42.70 68.05
99.82 48.54
75.41 68.46
86.67 33.21
45.50 13.69
45.60 7.56999999999999
62.48 57.79
16.51 89.18
48.16 84.92
72.05 57.94
78.51 18.44
25.56 37.68
17.97 72
11.81 52.28
89.19 54.32
8.50 91.47
45.48 47.34
97.44 14.37
84.70 2.09
35.27 70.73
45.17 98.09
54.88 86.19
15.77 80.24
39.42 83.82
44.11 79.53
24.78 25.57
93.55 22.91
93.25 18.23
41.79 24.06
33.42 66.95
27.73 64.77
20.42 94.2
90.75 57.77
52.45 6.04000000000001
60.79 24.54
32.88 37.83
91.77 16.83
37.88 31.53
26.25 56.68
64.13 13.82
22.69 29.13
66.27 71.53
15.56 73.04
57.00 31.49
73.73 36.01
53.68 26.35
92.95 39.79
6.98 71.13
78.34 49.5
37.48 43.22
46.29 29.88
69.23 64.52
38.07 70.6
33.76 99.78
45.03 50.78
95.41 51.46
49.74 79.32
84.30 26.56
89.13 50.65
50.52 10.99
46.10 26.23
92.85 19.57
56.03 28.6
34.67 45.69
59.48 0.150000000000006
48.91 61.04
96.11 0.879999999999995
35.69 11.2
89.59 17.86
31.77 12.51
50.91 14.71
99.09 58.27
59.95 17.21
3.94 96.33
68.59 15.24
45.86 90.81
92.33 55.89
57.43 45.49
50.47 25.57
2.52 64.18
60.36 18.68
54.53 29.28
80.74 54.69
55.25 38.08
98.28 16.66
56.02 26.8
57.88 53.79
0.93 82.4
45.79 22.87
34.46 24.09
76.48 16.12
35.66 84.29
58.61 67.05
0.76 63
62.55 25.83
46.92 68.63
63.93 48.48
47.54 60.39
97.05 13.07
26.92 62.13
32.57 66.06
5.11 87.17
16.05 81.19
34.65 82.48
79.59 24.19
85.91 20.92
26.38 47.41
57.44 96.22
68.72 50.38
66.29 0.0999999999999943
43.68 34.16
11.58 35.75
35.24 79.47
69.42 45.42
55.66 69.85
64.02 3.78
53.21 86.97
24.23 69.16
37.59 59.1
13.72 81.73
36.66 74.93
46.92 1.38
48.36 96.39
75.10 77.68
60.91 42.05
20.99 31.7
97.45 48.38
12.82 89.47
55.32 80.33
35.73 55.54
77.87 65.1
48.72 82.51
88.01 1.98999999999999
20.32 95.38
85.04 7.98
43.88 61.43
83.90 52.17
9.65 73.54
58.37 32.24
76.21 52.96
57.99 36.92
25.70 23.3
46.68 67.52
14.02 54.1
50.51 65.76
70.75 86.61
85.19 65.85
34.48 46.04
53.27 98.08
67.62 90.59
87.25 28.98
87.70 18.31
38.31 98.44
27.77 20.75
18.87 57.38
82.79 33.26
50.65 32.61
70.50 4.09
68.79 70.56
45.19 59.36
60.16 85.61
76.54 3.40000000000001
48.53 0.0499999999999972
2.71 97.31
78.49 22.58
75.58 37.37
28.91 48.47
54.44 66.62
57.23 1.62
43.00 33.94
34.90 70.65
2.34 68.04
55.85 52.39
71.80 30.09
7.86 44.3
70.35 45.79
29.70 78.79
86.82 34.44
47.27 5.26000000000001
34.69 75.79
39.43 42.62
72.50 61.65
54.47 81
1.62 46.56
20.81 30.12
59.07 42.42
16.24 86.15
35.61 83.06
3.47 64.01
32.17 64.75
30.80 21.71
12.16 84.75
56.29 1.02
24.51 81.15
88.59 29.5
39.32 57.03
91.59 18.27
23.39 77.5
96.57 50.11
54.95 96.71
75.00 2.78
87.99 28.6
73.73 54.71
8.96 45.3
45.44 28.46
4.30 42.65
76.03 26.22
61.94 73.87
20.96 93.44
46.08 28.83
54.32 51.89
91.39 20.36
42.34 20.11
99.99 14.93
13.62 28.39
29.17 37.56
23.95 38.11
51.94 60.02
16.16 98.62
34.43 12.67
13.98 83.13
93.65 19.06
63.61 61.11
77.65 61.92
33.47 91.01
14.96 27.2
43.47 92.27
84.17 18.97
65.72 10.25
54.60 69.65
40.05 46.27
21.21 25.56
14.76 55.11
59.27 10.26
95.49 50.51
62.90 18.78
45.09 91.8
45.06 47.51
10.57 84.75
81.44 16.71
86.73 12.2
9.68 99.84
75.48 7.31999999999999
96.39 16.87
24.78 68.43
81.33 30.19
61.29 39.47
94.26 49.27
22.75 91.05
47.57 87.77
21.97 36.13
77.34 44.91
65.12 17.75
88.39 36.8
61.75 7.84
95.03 30.93
7.91 97.31
79.69 47.81
51.77 65.68
31.31 23.82
81.48 19.68
4.47 50.54
15.69 96.67
45.26 90.36
37.50 77.03
66.34 66.74
54.26 26.8
62.65 30.8
80.77 59.44
73.55 45.87
51.90 18.84
13.17 29.26
24.58 85.65
31.87 45.2
51.26 35.03
70.55 67.69
12.27 32.75
11.19 44.43
58.65 50.07
83.76 37.06
53.05 27.54
63.81 81.28
40.83 41.37
38.49 54.73
71.39 20.89
70.19 82.6
31.96 76.05
54.79 92.96
94.12 44.33
3.35 53.96
60.18 93.11
77.68 54.85
34.67 95.76
45.86 55.04
19.60 62.14
7.33 83.86
61.36 9.8
22.12 48.1
94.81 15.9
70.60 30.73
62.00 34.24
34.26 19.39
23.39 46.8
71.29 63.75
51.35 22.14
74.27 68.69
55.36 89.81
33.50 61.46
28.56 77.04
29.99 41.62
37.77 56.41
39.57 42
75.30 11.59
41.49 26.12
3.53 98.56
42.33 16.3
71.76 21.65
64.96 15.19
32.70 72.73
82.25 74.16
31.59 71.21
88.32 22.5
63.72 17.53
47.29 48.61
48.44 95.5
73.43 38.69
95.98 0.950000000000003
18.95 98.45
13.85 95.48
50.49 1.08
34.98 35.2
29.34 88.05
56.31 37.12
73.19 11.19
3.87 80.56
72.85 60.51
5.94 84.45
8.86 42.31
98.38 55.32
43.29 68.77
89.10 28.03
34.52 90.42
13.38 56.88
86.44 28.09
53.66 56.98
62.60 67.59
57.71 87.93
46.43 97.57
14.97 57.31
72.82 78.39
93.13 28.55
90.68 16.37
85.40 20.27
47.79 84.93
80.14 41.61
30.99 62.36
81.89 18.7
21.04 29.12
26.46 47.52
9.28 33.57
12.04 66.48
5.63 84.81
37.47 27.73
73.32 6.40000000000001
35.69 69.84
30.86 19.21
74.42 16.09
36.52 84.94
28.14 76.57
7.59 61.94
95.09 28.01
82.61 56.84
84.99 52.5
8.18 95.23
2.64 90.58
30.68 82.98
90.79 13.37
40.76 44.45
78.75 50.76
63.47 64.49
30.27 46.27
65.16 20.62
86.31 40.79
60.76 96.97
56.53 29.19
88.31 11.71
97.20 39.36
40.55 94.93
47.62 59.07
58.55 86.24
30.67 36.3
81.56 34.7
34.46 40.3
15.20 37.99
93.88 61.88
94.91 14.27
3.21 41.75
6.07 71.5
51.26 10.08
29.52 94.98
37.73 50.49
50.42 15.52
55.84 63.92
1.36 54.49
61.59 35.3
84.07 66.82
40.35 74.09
56.52 33.93
9.71 67.68
45.61 84.74
79.36 32.23
7.75 67.62
59.31 93.29
12.46 53.68
48.42 24.48
40.65 50.44
21.40 19.73
26.64 87.09
18.88 74.45
10.62 30.11
91.54 15.1
45.46 27.12
43.60 47.9
23.59 73.54
11.46 33.25
55.18 1.06999999999999
67.23 17.77
45.45 83.35
94.18 31.47
71.49 39.19
30.04 59.2
84.30 50.12
62.35 49.75
68.61 78.25
84.15 42.88
59.96 94.11
8.42 61.41
64.68 52.69
28.45 40.66
77.73 18.68
43.18 30.19
78.85 37.61
76.32 21.2
69.20 30.06
39.86 46.36
29.43 79.24
91.06 41.38
54.78 60.6
37.37 74.05
50.58 98.35
42.90 12.59
75.02 18.51
11.66 86.73
19.83 91.1
37.78 27.57
84.28 53.23
36.35 80.5
29.79 82.93
9.92 44.91
99.74 10.9
85.54 25.63
57.93 62.55
44.37 85.17
69.53 14.78
61.34 51.34
74.81 3.09999999999999
46.08 33.12
33.67 58.18
54.54 30.27
65.98 64.27
69.11 21.16
46.23 64.43
97.22 61.82
13.11 96.15
91.97 9.3
5.86 89.9
27.28 91.22
62.69 44.94
83.56 64.04
75.59 78.11
46.57 84.16
84.72 48.52
32.70 25.38
23.93 29.31
27.90 57.87
26.72 35.02
27.35 24.02
80.33 5.48999999999999
53.14 11.15
3.91 65.58
36.77 92.13
78.85 68.28
47.43 17.04
95.36 61.36
70.69 16.63
21.91 68.11
36.64 94.64
80.48 64.79
62.16 61.76
47.31 62.64
30.57 32.8
37.17 73.58
80.48 21.61
74.96 60.9
26.88 87.84
7.34 59.9
7.03 88.26
43.85 75.52
71.21 78.37
42.89 41.63
30.19 55.54
34.25 79.49
37.16 24.44
18.62 77.72
9.32 51.86
0.34 91.86
47.49 97.9
70.05 44.58
67.99 86.86
21.77 71.73
31.23 28.67
70.36 88.14
71.81 1.59
47.16 72.22
81.19 75.23
80.67 33.79
29.41 17.74
39.36 14.57
78.34 48.31
42.46 79.58
16.01 71.46
5.39 90.18
86.58 9.69
56.81 75.08
0.92 74.63
79.41 74.02
83.61 7.69
80.78 63.78
31.60 72.09
50.17 38.14
1.80 93.6
61.29 48.66
63.57 87.33
51.25 4.56999999999999
71.68 54.27
37.50 46.71
99.42 9.48999999999999
44.95 8.7
38.27 51.19
0.73 95.27
16.94 87.13
27.87 41.53
27.83 35.65
91.48 12.25
49.04 5.63
76.33 46.45
82.27 30.91
36.98 33.1
37.24 45.92
24.39 93.03
71.61 12.34
60.85 53.05
28.69 57.45
34.62 39.34
32.63 89.41
21.34 65.07
84.12 9.11
45.14 47.39
41.22 75.67
6.41 34.38
61.19 47.88
66.36 70.35
48.80 96.32
75.35 16.06
45.94 66.89
11.84 29.3
57.97 90.67
34.66 94.42
26.16 37.97
92.81 43.18
30.14 69.38
43.61 77.08
87.78 23.51
35.34 29.36
13.97 64.12
70.34 69.6
45.65 70.63
83.16 58.9
90.91 38.26
73.62 38.7
92.41 38.84
31.90 70.25
80.31 52.33
60.50 24.18
48.59 28.98
57.43 92.64
35.35 9.51000000000001
39.79 20.44
26.49 37.2
47.91 21.65
77.36 75.64
74.23 9.51000000000001
63.39 14.33
29.26 49.87
66.22 90.03
87.54 55.09
34.91 38.95
96.27 4.44
51.85 37.84
19.44 64.6
0.02 82.32
48.29 41.69
9.64 93.14
46.95 14.43
76.38 25.98
7.00 52.33
46.96 98.45
69.27 38.56
93.37 61.22
91.63 9.62
26.94 89.95
44.69 70.78
50.83 5.8
79.52 5.63
52.45 66.56
24.53 18.82
15.61 73.68
3.92 92.79
38.18 24.49
42.64 51.02
66.80 0.849999999999994
63.39 50.78
43.34 17.38
30.45 78.34
76.16 69.97
11.38 79.33
9.43 58.83
55.03 5.88
75.28 69.94
77.25 53.38
93.05 7.68000000000001
37.48 78.51
72.15 64.17
26.53 46.71
45.50 26.97
88.33 63.57
31.69 85.99
95.71 12.03
15.03 34.62
70.72 62.87
25.74 64.05
26.22 84.23
47.15 53.16
80.74 52.78
88.68 70.27
67.91 57.15
86.64 67.02
52.02 79.35
38.14 13.04
80.82 32.48
81.35 66.2
48.35 96.15
22.40 74.22
34.84 35.49
18.41 75.64
79.11 52.95
50.33 94.43
42.66 49
6.89 55.88
77.35 67.09
91.96 8.63
61.10 68.12
84.91 34.39
41.43 46.67
37.58 58.22
57.22 9.8
48.72 14.62
38.90 54.54
59.64 28.6
36.34 30.6
85.13 14.43
80.59 37.84
8.90 35.32
51.38 62.03
19.66 22.53
52.92 78.25
47.74 8.18000000000001
82.62 4.77
32.61 97.7
20.41 64.1
28.18 80.5
81.59 60.3
73.68 60.91
69.11 64.81
3.57 46.15
85.99 65.56
65.97 19.29
16.91 68
62.24 30.89
72.69 72.07
97.16 17.03
61.09 21.24
12.43 40.67
29.55 78.94
48.23 66.06
98.64 56.05
57.10 84.91
64.58 41.56
66.01 5.48
98.77 52.95
50.20 93.53
67.93 37.97
73.49 14.38
38.01 35.61
49.60 79.06
37.26 87.15
76.42 7.29000000000001
27.93 25.82
12.95 88
39.55 65.78
65.90 5.23
33.02 57.76
47.77 33.88
10.61 30.36
69.07 33.19
20.17 93.58
37.59 8.95
65.37 29.78
55.54 16.87
72.88 43.7
41.82 14.34
22.31 38.58
62.11 30.14
91.78 65.07
43.30 34.68
87.16 12.16
65.86 66.14
35.36 98.73
81.05 44.28
98.16 55.45
75.34 35.01
85.92 35.68
32.85 74.14
15.70 30.22
1.14 88.65
68.26 38.2
16.09 53.26
19.47 50.06
26.58 65.72
81.04 73.77
45.82 65.31
91.40 62.98
53.30 21.91
29.23 81.23
89.11 11.21
52.60 70.89
33.79 93.33
48.45 25.48
7.89 33.93
30.57 21.75
63.02 46.35
80.93 37.53
42.34 67.84
69.83 5.78
38.90 28.48
50.24 15.25
13.79 70.17
73.35 17.39
32.25 95.09
48.29 34.12
1.08 56.49
27.32 30.28
23.36 72.45
91.66 22.04
43.20 18.8
5.99 41.94
43.46 17.32
3.91 99.87
80.10 43.16
6.49 43.37
69.20 20.56
26.96 89.73
49.03 23.88
39.80 26.2
28.07 96.16
96.36 28.03
25.39 32.02
42.36 50.5
72.39 80.89
91.06 58.28
77.85 8.09
16.99 92.88
9.71 91.65
45.15 83.93
73.08 43.14
83.35 9.01000000000001
51.54 34.48
29.51 93.45
42.85 51.82
71.22 79.53
28.69 51.1
60.21 92.7
0.71 87.63
68.64 80.8
86.03 44.91
87.85 33.11
66.82 58.79
49.82 39.4
65.84 27.01
34.27 65.32
37.58 71.32
76.19 45.98
61.90 22.89
29.15 71.68
59.71 54.28
19.66 72.81
90.74 20.11
49.34 54.44
15.36 26.91
17.44 79.86
77.89 14.25
6.70 56.26
64.60 85.96
7.09 86.42
66.57 6.72
27.38 76.21
58.38 36.95
34.92 89.16
47.58 50.37
25.11 44.01
84.99 9.31
4.83 67.72
54.14 92.01
36.72 65.7
22.36 50.78
19.35 71.59
24.21 17.22
22.84 95.09
19.05 73.93
66.29 15.05
12.59 55.35
93.22 12.46
31.98 30.24
95.53 13.48
18.91 90.71
36.60 61.79
43.67 78.98
17.15 72.8
51.49 88.97
48.85 30.15
46.37 93.36
61.32 83.51
90.54 20
31.53 85.68
79.80 38.08
4.67 49.13
97.55 21.79
38.59 3.48
68.86 31.15
51.26 56.12
40.57 43.5
64.39 7.5
88.88 44.48
58.08 8.52
41.01 38.48
55.34 41.77
67.34 7.91
92.61 55.57
30.94 34.7
78.92 64.39
7.62 57.01
47.82 17.14
55.07 29.32
15.07 52.41
57.74 93.66
69.34 32.19
99.04 20.81
36.89 37.62
25.63 84.96
14.54 53.86
3.26 87.23
64.65 72.65
14.59 84.61
29.73 40.23
74.15 60.28
39.10 28.21
41.86 70.1
69.06 22.75
41.47 23
51.39 56.24
15.38 50.04
47.46 35.22
86.85 73.07
84.35 68.62
62.66 96.89
80.88 26.51
53.62 14.93
7.05 97.06
31.44 21.33
50.47 6.72
83.09 72.85
32.73 82.9
6.27 49.81
