1000
32.97 95.66
54.94 21.45
74.43 71.16
59.97 3.54000000000001
56.82 54.65
51.77 83.06
64.14 34.19
90.47 1.93000000000001
67.04 35.4
6.43 42.09
54.73 13.3
35.70 85.06
49.63 13.78
39.77 1.89
94.96 66.95
98.19 13.92
16.27 10.99
48.25 10.14
39.49 15.04
45.56 95.48
9.01 33.94
37.54 30.75
19.55 32.15
15.43 89.97
29.50 65.65
31.97 82.08
6.14 52.27
20.70 12.81
4.83 46.2
11.76 99.03
66.29 1.23999999999999
27.17 15.43
32.81 60.62
30.29 73.3
14.16 84.95
59.03 99.71
46.44 72.49
54.99 44.68
75.73 69.75
11.38 62.63
99.26 11.63
57.17 56.89
18.33 96.87
13.59 81.87
1.12 40.47
48.12 53.81
44.36 75.02
92.70 38.9
27.58 86.8
22.39 76.1
12.37 94.34
31.41 33.6
84.93 40.94
22.18 24.74
28.01 0.870000000000005
2.13 74.48
37.83 71.87
81.52 85.53
42.50 63.67
85.31 29.56
96.58 21.12
43.30 58.98
6.69 56.39
47.88 96.64
17.38 83.59
68.10 11.41
55.34 61.74
66.34 96.77
90.05 82.14
69.71 57.04
37.89 90.82
27.45 11.76
75.39 87.23
18.92 96.13
69.65 89.54
29.36 75.77
6.70 24.2
54.57 71.78
50.40 81.81
36.11 91.54
88.92 48.92
29.01 67.27
86.32 73.09
9.27 74.86
12.47 57.65
93.37 46.91
55.31 8.98
51.68 35.1
48.97 28.82
97.61 46.37
76.05 51.49
50.71 76.58
11.04 73.37
39.99 43.59
76.52 0.0799999999999983
0.82 53.29
39.59 95.83
51.29 87.7
9.27 46.65
18.50 30.29
28.42 40.88
39.87 32.67
27.36 11.65
36.90 96.76
8.25 19.86
55.83 12.2
17.56 64.26
81.61 39.84
89.97 77.44
54.52 5.42
85.53 81.54
84.48 24.25
10.76 72.46
52.92 76.88
1.31 50.77
88.21 30.32
35.21 6.59
75.84 30.41
43.22 65.13
30.51 82.61
38.85 41.54
83.17 94.91
22.75 5.70999999999999
74.29 52.96
41.47 99.4
54.36 59.34
34.27 42.58
67.28 44.96
63.68 41.26
81.69 96.64
49.04 24.34
73.49 62.03
51.81 66.91
90.03 59.5
65.52 59.07
17.29 28.62
53.36 72.82
57.60 96.66
34.84 19.84
20.76 72.78
28.04 46.96
59.49 25.66
4.14 35.28
95.05 89.15
47.95 67
93.79 7.41
58.62 49.97
67.27 84.5
74.57 3.91
78.68 99.02
97.95 60.03
85.86 62.03
99.78 14.34
28.24 14.24
52.51 47.61
49.42 27.5
3.65 34.55
24.42 96.07
30.71 52.38
46.78 98.5
12.59 63.87
89.76 29.9
79.19 68.14
37.94 48.56
64.13 25.02
39.26 55.23
59.66 17.03
37.60 46.15
93.80 1.28
19.53 35.51
48.73 80.83
70.80 66.84
67.12 42.58
44.56 97.43
91.55 66.87
9.63 51.53
51.82 85.4
63.45 14.71
66.49 71.01
30.33 56.22
96.62 78.71
73.51 36.67
42.33 75.19
31.55 69.53
26.78 48.76
13.17 71.82
67.74 8.11
17.61 93.67
6.17 32.33
73.51 70.18
84.87 24.29
40.34 70.12
50.02 41.36
93.64 34.66
66.78 2.37
15.00 28.62
89.27 15.39
46.75 75.31
27.58 80.38
12.75 82.79
93.30 33.96
81.46 0.599999999999994
43.67 34.69
85.09 86.55
56.14 98.3
56.16 17.2
54.57 70.39
94.02 4.31
38.37 51.13
92.62 83.83
82.83 23.27
6.09 32.32
36.32 84.35
79.94 35.59
23.49 78.32
57.61 41
18.67 87.67
79.35 63.45
6.33 86.27
14.35 86.59
31.11 15.8
16.74 97.8
26.02 7.59
29.36 66.31
19.61 98.91
69.23 34.24
49.64 63.63
64.49 89.56
68.24 80.2
41.26 30.84
34.16 49.76
48.67 29.82
53.59 19.01
24.00 73.93
6.46 34.89
51.34 15.05
36.90 23.81
48.36 87.83
11.64 23.4
87.27 39.24
71.11 0.170000000000002
59.78 10.02
67.62 81.25
16.64 15
98.44 54.57
66.11 42.92
56.50 23.47
26.47 90.15
39.92 56.45
67.59 8.67
88.80 18.62
75.42 62.2
91.39 74.81
12.89 71.06
71.01 62.13
81.80 48.24
64.72 62.19
59.93 58.08
74.50 28.37
61.88 24.27
86.60 34.43
64.34 94.3
45.52 97.12
28.46 88.91
51.32 51.63
21.10 93.24
44.15 37.17
82.66 34.17
3.80 16.18
53.73 48.64
37.27 39.29
70.50 29.37
50.01 86.77
79.14 97.87
99.83 21.84
30.69 46.08
53.42 61.59
76.07 13.37
97.54 85.44
29.59 69.22
78.08 10.56
50.54 6.31999999999999
34.33 67.78
65.13 54.41
81.69 34.85
22.31 2.61
47.91 46.81
22.94 3.45999999999999
45.15 1.81999999999999
53.40 73.79
28.49 58.73
84.47 38.05
49.29 46.08
1.58 74.99
16.98 38.29
19.66 57.27
73.77 40.89
9.64 58.18
11.48 50.63
44.82 66.93
98.39 30.32
34.91 92.31
74.02 68.86
90.06 67.4
33.00 70
82.19 31.97
82.95 57.27
0.12 83.15
88.34 54.06
28.46 33.01
20.60 48.16
87.38 9.7
27.49 7.38
17.59 17.53
20.88 50.49
66.47 43.54
5.02 95.39
59.52 41.31
26.77 99.73
26.37 47.34
9.56 49.04
89.95 14.1
23.89 52.69
37.35 85.95
73.90 19.63
33.54 67.96
23.03 45.93
48.19 49.45
7.05 67.17
66.84 59.9
61.91 74.29
1.75 56.38
31.96 46.6
95.26 33.3
84.39 4.95
86.04 4.7
84.31 89.28
42.75 47.74
34.02 24
42.22 8.90000000000001
38.44 81.29
2.31 18.69
67.93 15
71.04 29.43
79.05 16.97
11.06 87.4
57.22 94.53
14.70 65.67
29.70 54.2
94.33 66.98
90.05 75.95
42.76 44.97
82.59 18.24
69.93 83.19
35.12 1.55
37.10 98.99
47.96 92.98
15.93 47.99
54.91 73.78
53.91 73.82
55.99 2.54000000000001
83.08 70.08
80.14 28.55
38.64 72.67
99.29 21.78
76.60 19.89
70.28 27.89
83.51 79.1
99.86 62.3
40.92 26.71
88.29 5.48
46.85 54.59
20.80 59.77
55.86 92.18
12.11 76.58
98.22 47.18
20.19 40.13
92.97 58.67
90.23 23.66
14.23 87.88
62.08 65.46
86.76 71.31
24.25 91.01
26.03 87.76
57.95 55.52
47.05 20.36
27.38 65.03
11.42 82.5
11.00 48.09
76.03 44.71
64.52 82.75
31.99 1.31
74.88 0.129999999999995
56.17 18.89
27.10 98.12
39.01 64.53
19.02 42.77
44.02 34.05
33.61 45.24
10.25 38.26
13.25 85.59
38.54 18.25
75.60 68.73
34.73 95.29
5.96 20.68
92.62 23.73
47.97 44.32
31.95 49.73
72.00 2.81
1.73 37.22
12.41 87.97
78.18 47.2
49.38 81.04
34.44 45.29
43.14 48.2
13.46 4.22
66.87 26.83
66.42 9.29000000000001
19.89 98.82
88.69 46.04
41.38 73.69
18.83 61.89
94.32 20.04
67.17 76.11
10.58 48.08
10.02 49.8
86.74 85.77
98.94 55.49
95.79 66.37
62.01 6.56999999999999
39.36 37.99
26.71 10.32
79.71 36.42
21.54 75.96
40.74 20.06
14.48 32.53
52.54 50.81
9.44 58.92
4.56 33.92
51.46 25.59
33.92 32.64
94.43 69.24
92.96 64.56
7.56 66.86
45.01 41.58
35.86 40.79
30.91 45.8
71.55 81.17
27.51 62.33
27.27 36.43
99.77 25.05
51.92 37.11
93.35 42.66
79.23 24.39
55.90 64.89
10.19 66.53
41.68 38.96
77.38 25.43
26.35 68.68
98.22 65.93
39.43 93.18
57.00 15.62
67.03 92.88
16.27 31.68
73.82 71.24
22.25 77.2
38.55 98.64
28.09 71.68
11.50 73.82
66.63 23.8
58.66 68.05
51.02 73.74
42.62 61.32
7.81 33.75
74.10 94.15
33.40 11.93
40.06 29.31
22.99 47.78
83.64 88.79
72.14 79.77
36.83 85.75
0.81 45.83
45.78 32.62
5.98 78.6
46.33 22.09
4.84 59.38
84.97 15.45
38.98 9.75
49.03 40.58
83.37 32.64
45.50 65.26
81.77 82.86
55.02 38.31
66.57 20.65
58.30 37.71
53.45 42.05
88.55 29.75
5.37 14.1
17.02 13.75
60.86 62.69
89.01 48.25
11.11 99.05
81.51 25.51
49.32 85.42
85.85 5.78
44.27 19.58
40.09 93.74
8.21 65.05
7.66 54.33
97.49 84.11
58.86 4.12
61.12 60.63
73.89 31.03
48.57 54.01
87.55 73.98
46.19 8.8
50.32 1.40000000000001
10.32 22.09
10.95 73.21
1.67 95.17
87.31 93.13
44.57 80.18
48.64 26.42
69.15 12.61
49.56 93.17
31.08 55.93
78.28 74.22
64.63 91.56
30.23 78.98
28.69 8.18000000000001
21.07 80.25
70.41 37.15
25.66 22.39
61.32 20.94
61.02 26
81.88 57.56
99.32 26.68
90.09 60.82
59.19 83
9.49 5.06
94.07 29.36
25.19 18.77
67.79 67.32
82.09 20.91
16.30 77.84
95.07 22.15
48.49 27.72
43.82 80.12
41.23 77.11
85.76 89.92
56.96 99.09
55.94 20.11
24.99 84.72
73.65 78.48
19.17 51.81
61.06 95.08
68.04 38.48
28.22 72.15
4.54 63.75
53.33 27.29
99.39 59
5.89 99.85
96.05 34.61
25.50 28.04
41.24 73.38
90.53 9.90000000000001
67.89 51.7
31.28 34.56
69.69 56.64
62.16 6.23
9.83 54.01
8.71 85.29
91.08 43.42
62.87 19.02
67.92 23.11
81.86 41.88
61.66 92.85
45.07 96.68
5.21 80.7
99.03 0.390000000000001
27.25 30.47
6.40 53.38
97.89 11.57
73.82 61.06
85.68 55.12
81.62 11.21
27.00 52.37
51.41 87.59
43.56 28.24
49.10 55.22
76.55 32.28
6.62 28.26
98.56 29.44
58.85 80.96
46.27 12.96
93.34 38.24
65.98 37.47
86.03 42.41
73.31 31.59
19.51 31.9
75.42 4.86
2.61 38.2
32.54 96.75
42.69 91.94
34.11 57.27
89.45 9.72
75.05 31.77
86.90 84.94
38.04 53.21
26.80 17.93
72.16 16.56
90.63 29.83
79.17 97.87
27.93 72.36
95.44 24.38
33.92 30.74
77.42 74.57
31.03 52.49
47.54 74.78
37.99 31.79
0.93 41.31
33.52 31.03
54.37 88.13
79.18 6.03
69.16 42.18
2.75 23.91
92.23 90.76
36.88 0.939999999999998
58.79 73.62
97.24 84.75
14.60 18.22
27.95 79.49
98.50 31.78
14.01 17.88
67.11 39.57
46.72 59.63
29.46 77.4
26.18 37.21
66.16 72.4
76.23 34.15
47.99 43.14
10.35 32.96
67.53 30.19
19.18 62.73
7.33 67.96
96.45 22.78
3.81 61.74
92.10 8.34999999999999
22.54 47.8
89.93 76.42
41.85 46.52
80.84 11.1
83.91 46.68
16.27 85.22
29.99 62.96
25.32 10.4
86.47 38.58
2.99 76.42
15.47 21.53
87.32 41.4
25.76 48.87
45.09 47.85
12.27 51.27
56.17 42.88
93.35 34.25
96.85 21.46
91.12 47.05
64.24 22.41
29.52 82.4
94.70 83.09
45.03 25.34
16.57 30.21
55.02 26.15
43.94 92.73
55.98 98.87
87.12 94.89
9.19 53.34
95.54 12.21
51.65 64.47
97.93 73.93
67.19 50.72
98.27 7.73
94.32 4.94
76.96 67.22
95.82 50.21
36.14 41.21
88.64 33.46
85.06 35.38
34.38 47.12
51.37 68.56
29.64 59.31
13.70 53.8
54.52 33.32
9.31 13.52
37.91 25.13
80.78 20.4
61.64 33.64
83.05 83.13
45.00 59.69
94.29 18.39
49.01 50.63
22.83 35.64
98.69 5.97
10.55 15.6
5.65 12.15
28.04 2.78
55.49 21.15
87.49 59.52
8.76 76.7
58.29 6.34
15.21 5.01000000000001
21.63 0.870000000000005
2.88 84.41
3.89 94.61
31.56 93.93
62.25 49.98
78.72 46.11
85.87 55.39
1.64 61.09
16.14 37.69
17.25 39.24
71.07 41.86
97.13 87.9
91.65 17.62
56.83 27.94
68.62 72.69
50.59 19.04
82.67 7.93000000000001
74.92 44.64
20.89 40.7
51.22 81.57
59.38 29.5
49.30 62.72
14.14 83.61
36.33 39.63
15.63 52.6
78.87 53.71
11.82 36.85
86.99 68.19
20.70 16.46
98.78 58.33
57.12 1.47
49.37 63.86
37.01 35.32
20.71 8.44
0.22 20.35
7.04 66.91
94.81 50.37
65.52 16.44
80.75 62.88
23.40 46.55
59.85 30.07
32.38 0.340000000000003
35.81 71.78
58.71 1.51000000000001
90.60 60.97
66.49 35.81
10.33 26.99
41.19 49.72
58.03 7.72
45.31 21.87
17.86 28.42
38.29 24.58
92.74 54.59
2.74 14.07
37.16 94.38
30.54 60.74
31.67 71.13
49.63 17.65
32.73 13.55
37.91 39.84
60.06 71.75
29.81 44.42
56.09 76.42
86.81 75.74
82.69 63.33
70.93 19.49
18.36 47.47
33.98 50.31
13.18 95.75
51.54 78.71
24.74 21.13
83.28 63.26
39.97 48.29
7.28 24.18
26.57 33.31
40.98 35.11
13.28 99.41
42.15 3.40000000000001
77.73 76.2
55.58 98.57
98.56 39.18
93.94 48
78.74 86.25
79.50 32.6
59.08 92.11
26.79 49.92
54.04 45.15
71.67 33.84
62.36 23.4
88.52 67.01
35.73 49.35
32.19 82.56
53.88 4.05
75.55 35.84
20.80 67.48
23.62 44.33
93.89 27.03
27.48 14.46
86.65 55.22
19.70 20.08
91.15 8.41
1.56 28.62
2.50 65.86
86.71 93.34
61.80 82.31
13.34 41.43
88.95 69.87
60.32 50.04
95.17 36.94
42.42 80.56
42.73 13.96
96.64 24.8
44.39 96.96
68.51 44.15
56.68 80.6
0.41 97.81
43.10 75.4
74.11 29.06
47.29 49.57
1.62 13.41
86.48 17.99
17.54 86.63
25.28 82.27
52.49 66.08
23.22 91.95
53.21 18.25
29.95 31.96
24.41 8.72
76.02 3.98
60.37 7.55
26.64 64.03
88.76 9.11
19.31 36.58
90.81 18.46
36.03 73.74
85.59 48.44
95.40 68.52
61.88 66.67
23.52 13.44
19.77 20.39
42.42 93.65
1.73 98.26
27.88 88.41
75.48 50.93
41.15 72.11
0.37 81.36
48.95 48.77
6.86 17.5
61.59 40.61
32.54 36.39
46.52 95.65
45.09 1.62
4.52 71.82
24.18 32.25
60.31 61.17
88.82 9.44
51.57 4.58
85.65 24.43
30.69 57.76
30.75 12.45
63.89 7.54000000000001
54.10 92
0.15 20.62
98.16 22.35
9.11 27.1
39.50 29.46
51.42 71.16
99.34 18.27
65.44 25.63
24.03 55.4
81.68 72.39
84.13 48.11
1.01 97.8
10.66 10.92
44.35 3.61
93.10 19.44
48.73 60.63
46.57 71.61
12.45 94.73
89.50 0.620000000000005
93.91 10.65
89.45 2.90000000000001
26.47 84.52
48.43 21.8
3.67 57.85
32.42 75.94
12.88 94.64
57.50 76.12
95.22 34.47
40.94 70.72
98.12 35.34
74.50 11.5
84.02 23.91
97.33 79.61
88.58 0.549999999999997
76.17 37.93
61.08 32.33
27.19 60.53
93.84 3.13
1.46 46.52
35.74 97.58
77.61 61.37
6.73 33.56
81.06 45.4
88.27 94.12
78.70 79.48
41.94 15.73
87.18 37.57
89.60 62.09
15.89 53.52
65.53 50.61
80.84 79.78
81.55 66.22
79.01 49.17
68.47 35.12
8.36 8.33
20.14 24.91
78.94 0.299999999999997
48.93 99.71
54.47 22.97
2.01 97.72
29.38 2.11
7.65 97.12
18.68 29.61
47.52 25.69
70.73 48.55
46.83 4.2
5.95 99.97
58.38 46.87
8.01 99.09
90.38 0.189999999999998
13.40 9.67
2.41 59.46
45.23 50.02
10.67 58.17
50.44 67.4
3.58 76.61
25.37 71.54
55.68 31.75
51.50 44.89
31.76 10.76
26.41 56.07
18.88 35.87
27.63 62.28
93.05 40.61
21.92 2.87
84.08 9.88
56.07 74.41
19.08 51.64
87.46 41.92
7.55 11.68
25.50 42.05
41.70 0.0100000000000051
23.00 73.65
70.43 24.43
38.50 56.93
18.09 31.03
66.07 72.54
46.08 62.12
22.71 21.5
40.34 86.28
90.03 70.01
78.80 36.52
17.37 63.06
23.75 58.51
17.82 97.29
63.24 96.41
82.88 87.66
18.31 0.150000000000006
32.74 30.04
47.06 70.46
27.66 51.66
29.16 59.85
34.54 35.46
53.34 36.88
58.83 48.39
63.33 12.12
71.78 77.68
33.61 6.98
40.88 73.43
42.57 57.44
79.68 89.68
17.96 46.03
90.17 45.57
35.15 4.59999999999999
66.04 68.84
23.95 61.8
42.05 20.13
62.90 3.01000000000001
