1000
80.18 98.89
74.88 52.39
52.89 61.82
32.10 52.15
12.58  8.62
36.70 66.26
34.66  6.13
14.61 50.54
 3.52 28.50
52.88 45.53
43.46 52.21
82.50 44.45
55.50 53.78
27.67 15.11
46.30 60.06
30.80 62.97
43.30 68.28
21.85 42.95
11.92  2.95
32.38 29.23
96.45 83.20
15.84 51.80
 2.19 14.02
70.02 26.25
21.82 51.71
50.68 56.23
26.05  0.82
33.83 36.95
36.42 33.29
12.02 13.70
49.51 27.22
53.73 19.84
68.99 70.26
78.72 87.24
67.67 72.51
68.83 97.32
84.73 85.57
68.89 72.90
61.95 54.42
43.59 18.90
41.81 83.87
60.14 49.28
96.72 68.48
75.07 77.45
82.57 99.83
65.04 24.83
39.45 59.86
12.30 26.58
87.59 66.30
53.58 28.18
27.44 28.95
84.17 76.07
57.26 26.08
79.12 86.80
53.89 89.71
38.74 70.03
34.13 38.87
33.58 57.31
79.08 99.02
97.27 74.66
 3.77 29.55
78.83 61.88
43.44  5.74
24.76 35.48
18.14 57.87
89.83 57.60
30.19 72.77
34.97 45.53
60.46 78.58
59.71 23.43
91.30 54.59
16.62  9.52
22.88  3.79
52.92 65.01
24.74 41.41
21.53 10.63
56.02 91.18
68.12 97.04
 0.85 20.71
 2.57 18.80
33.75 27.81
10.57 47.57
53.83 83.84
60.66 93.42
51.28 32.73
20.95 47.31
20.84 45.05
55.89 50.61
87.28 56.63
54.81 86.54
34.04 61.08
59.80 97.54
57.52 52.47
42.96 39.75
20.63 59.92
30.89 35.63
93.31 89.98
78.83 55.07
20.43 37.68
54.36 68.21
78.45 66.26
70.61 27.39
23.05 22.36
71.76 87.37
 4.23 28.51
17.40 17.19
 0.64 22.41
29.87 26.23
49.37 15.95
65.71 75.12
52.32 30.95
26.41 44.02
54.31 39.49
39.94  6.53
38.98 42.50
22.47 61.94
69.16 34.30
13.97 12.99
 7.40  1.57
16.47 42.20
13.06 11.65
96.23 99.84
48.24 14.58
29.64 62.52
47.72 31.92
88.90 70.16
67.98 27.99
73.51 42.78
12.19  3.27
66.59 32.29
48.65 64.25
54.86 92.62
15.89 12.42
35.14 26.26
 5.89 46.47
34.16 65.70
11.28 31.78
13.52 50.59
55.01 92.39
59.38 99.52
29.16 39.68
 3.98 18.87
11.68 40.43
70.57 59.87
81.59 55.80
17.55 29.97
60.31 36.86
27.07  8.85
77.36 86.24
22.27 22.26
 3.07 21.62
91.03 91.44
67.78 60.33
76.72 76.56
25.06 65.45
66.41 30.25
41.15 63.06
68.26 80.53
23.31  0.22
25.84 14.17
43.25 24.71
 3.64 27.89
93.15 51.81
27.62 16.93
31.60 73.99
72.71 59.66
70.13 95.37
61.59 54.61
19.92 38.44
73.37 85.32
34.42  5.64
65.72 73.95
24.68 27.69
47.44 27.46
30.23 67.35
33.83 51.52
43.64 81.05
40.20 74.15
57.64 58.35
92.60 58.22
37.98 78.30
76.62 89.91
52.92 36.14
50.82 73.94
64.34 37.12
38.79 41.18
34.75  2.52
52.09 32.97
19.12 40.48
85.16 93.38
83.80 45.54
32.02 45.90
24.94 54.38
12.37 12.88
 0.07 40.06
50.37 83.36
16.71 29.24
18.45 43.93
71.02 89.41
88.57 84.65
29.64 65.03
41.06 36.91
23.93 29.73
98.14 89.20
34.48 17.37
12.56 19.99
66.37 25.64
39.60 50.35
65.74 26.87
25.79 16.94
81.37 85.29
74.92 45.74
41.49 63.30
 2.38  0.26
54.29 23.09
33.63  7.71
97.20 99.72
66.44 72.65
86.91 53.24
74.52 44.66
67.45 39.73
51.63 25.20
70.73 82.10
43.36 82.92
82.21 98.09
 0.11  8.81
70.19 43.01
79.84 87.49
62.53 74.62
39.25 44.38
87.35 78.28
71.36 40.66
34.01 17.37
98.03 95.66
42.90 16.93
 6.21 13.61
44.61 76.32
38.05 33.28
41.44 46.34
64.04 39.20
56.13 63.38
14.37 28.56
97.23 59.81
75.07 97.12
26.11  6.93
99.27 63.73
32.83 27.88
96.40 88.74
 1.41 35.31
98.96 74.91
17.83 32.65
60.43 39.61
64.27 61.80
88.46 93.74
45.39 49.08
64.03 77.08
99.92 85.71
22.32 63.95
44.73 44.09
32.62 35.28
75.79 46.90
44.33 45.93
89.26 88.20
14.39 32.48
56.87 22.78
77.95 55.46
25.49 53.63
 4.29  3.41
43.71 77.93
22.92 62.75
91.64 62.49
50.09 16.87
44.56  8.12
46.54 44.71
53.82 73.43
30.90 20.00
59.05 87.45
51.28 25.24
 0.04 28.85
28.61 53.30
45.56 80.22
58.79 43.05
13.83 14.67
30.69 62.11
50.55 20.84
62.05 36.50
72.69 50.38
65.47 99.55
25.94 56.30
71.90 89.28
60.28 78.11
11.13 18.32
74.21 84.83
83.01 76.76
49.77 63.91
 7.19 20.27
27.25 58.78
61.32 78.28
15.95 48.66
 0.13 16.17
42.42 80.68
86.01 68.34
75.94 99.73
50.73 40.36
32.19 22.54
96.73 52.77
37.36 30.51
58.89 64.09
31.35 24.08
24.93 25.20
10.99  0.88
18.38 14.45
26.29 11.79
84.89 93.14
72.96 44.46
34.92 75.86
57.74 76.31
85.45 98.02
23.68  0.11
92.74 54.09
43.20 24.01
20.78 42.35
33.06 58.24
99.37 97.07
23.68 22.94
87.97 52.04
12.59 52.35
40.64 39.63
84.00 73.02
57.44 57.34
59.08 33.20
 7.70  3.51
58.30 46.58
58.42 75.49
47.39  5.74
24.68 29.25
89.24 57.39
39.53 16.44
17.35 37.04
62.66 55.77
12.83 33.74
13.90 54.62
82.72 53.86
56.39 89.94
88.71 52.61
18.01 50.25
53.87 13.55
52.51 75.25
79.99 73.67
19.63 45.64
15.89 44.96
15.19 21.11
68.64 50.72
40.52  1.23
11.84 11.35
77.35 50.39
37.95 44.45
61.01 96.68
58.43 33.08
89.15 94.18
24.36 36.36
57.16 37.26
 1.12 30.94
39.82 65.61
85.14 92.92
35.01 22.69
 4.25 25.86
12.20 28.77
79.66 86.09
13.90 26.05
44.07 58.35
23.31 32.47
29.00 66.89
13.50 45.58
44.03 66.25
56.05 20.43
36.25 34.78
49.55 24.99
62.55 45.48
66.39 82.93
64.40 70.70
30.50 59.25
22.59 46.31
21.24 19.59
57.87 24.03
52.45 84.87
80.64 59.14
19.12  9.34
28.05 11.25
46.93 55.57
61.47 49.80
22.41 17.57
59.07 49.92
67.29 80.83
55.45 56.58
25.40 10.14
 8.92 26.38
62.07 36.82
39.92 52.38
75.07 88.84
52.56 91.66
30.37 36.31
29.79  1.71
79.77 74.20
 9.46 51.95
 7.89 50.46
60.86 75.99
54.60 35.94
88.99 51.28
56.43 17.79
30.93 65.07
32.46 25.44
58.67 54.51
 5.19 21.57
23.22 35.45
85.56 94.07
71.25 81.21
47.86 24.09
21.71  8.42
52.16 82.77
28.88 15.53
75.81 99.04
73.92 43.13
18.09 38.77
57.28 23.49
 7.31 28.31
25.17 33.24
47.98 83.14
84.70 51.75
 9.79 30.73
27.25  4.02
87.87 73.35
34.32  2.58
40.45 26.80
86.90 46.07
47.20 84.13
59.36 93.48
54.61 18.10
37.56 37.34
46.40 49.43
73.65 48.46
28.34 20.69
36.51 74.68
94.83 70.14
 9.68 50.29
71.20 38.23
53.00 29.44
90.95 81.07
22.37  1.45
48.11  5.36
44.22 76.31
21.23 42.98
31.35 73.79
37.67  7.52
80.21 72.12
 6.37 38.93
13.25  4.71
18.65 20.77
76.95 90.20
47.35 38.19
45.93 84.94
68.13 92.69
37.42 35.47
98.44 67.18
66.91 55.07
55.52 73.05
59.82 54.00
50.09 72.29
45.50 43.54
37.64 72.66
50.89 86.65
34.60 38.23
92.48 65.24
43.40 49.32
69.20 57.24
37.56  1.85
42.76 60.82
61.88 76.54
82.87 58.17
54.48 65.97
 8.05 18.60
58.18 42.21
20.30 13.68
26.22 64.84
27.66 65.83
66.79 33.34
44.55 22.19
63.94 78.34
31.28 13.27
43.15 34.69
19.19  1.19
64.52 55.53
 3.76  2.22
96.23 74.27
56.57 49.80
57.22 60.08
89.74 90.52
71.07 62.11
21.81 26.08
45.75  3.77
90.85 94.84
64.45 34.40
61.63 22.54
63.67 83.67
62.95 99.12
40.54 12.91
41.31 38.97
12.19 45.00
78.01 95.53
81.59 73.81
11.21  7.98
34.24 12.20
48.96 55.62
76.41 73.92
30.98 55.19
69.97 84.77
74.40 88.58
48.17 59.65
20.90 62.34
54.28 78.99
22.98  8.96
10.08 53.09
92.22 73.78
77.96 37.31
98.17 97.15
67.48 27.73
39.74 71.34
96.11 88.99
76.56 77.93
12.70 17.44
21.61 60.53
43.49 12.08
50.08 19.95
43.21 46.40
37.03 80.08
15.21 25.21
74.76 68.31
29.45 23.65
39.28 81.76
51.67 91.02
90.18 55.17
97.50 97.79
77.33 67.33
14.61 46.81
90.85 82.50
41.75 69.15
 9.07 29.23
20.13 41.35
93.33 99.67
52.27 31.07
24.33 15.78
28.42 48.70
11.79 20.67
79.15 90.98
93.20 85.46
47.35 37.18
 5.92 27.53
 9.84  3.25
16.29 34.91
24.63 34.29
36.52 61.63
76.90 69.99
45.85 56.23
 1.97  5.88
80.55 69.60
63.44 82.46
58.64 59.98
59.15 57.97
27.59 11.36
58.05 98.39
47.92 85.67
60.23 21.27
14.10 34.31
37.62 25.88
99.65 86.30
54.26 15.81
30.94 56.12
30.53 21.77
71.83 74.88
85.27 68.29
26.20 16.15
28.68 65.77
61.60 18.49
44.62 10.27
74.60 73.93
 8.42 42.68
13.70 11.54
92.13 55.04
 7.56 32.53
66.15 79.53
30.50 32.01
50.42 74.27
70.49 59.19
65.61 63.20
37.79 46.55
72.01 92.83
15.28  4.50
41.64 23.48
 5.09 16.68
37.17 48.43
31.56  7.06
18.61  0.02
70.10 82.81
18.09  6.88
78.70 50.31
57.55 89.70
22.51 19.55
58.20 36.69
37.10 12.05
88.25 78.65
64.74 45.13
21.14  3.78
97.27 94.68
40.61 40.41
66.97 63.68
18.04 37.00
 2.55 19.59
71.81 36.75
30.98 64.42
96.76 54.85
34.42 53.67
12.83 35.69
19.37 60.64
50.92 50.80
92.60 86.22
76.71 80.11
49.69 21.11
12.66 43.34
65.38 49.14
38.31 22.60
 0.97 11.07
 5.00 18.06
 0.33 43.39
39.62 79.51
13.83 20.19
32.32 46.42
11.12 25.87
28.81 59.51
35.04 48.11
19.36 40.76
61.67 43.47
31.73 49.76
17.07 29.79
71.11 28.53
69.09 44.54
53.05 77.19
37.98  9.09
58.42 29.48
84.47 92.74
40.07 79.07
77.13 77.64
33.58 27.84
49.24 57.62
70.49 80.74
53.41 93.88
29.06 14.86
29.98 69.49
32.23 16.83
40.30 34.18
79.43 48.63
59.76 82.58
32.53 28.41
94.85 78.04
99.91 86.72
72.06 69.85
23.27 56.18
44.76 53.82
27.46 66.42
20.55 60.11
72.57 82.69
 6.13 21.95
80.16 54.77
83.45 56.05
87.72 62.27
56.18 86.21
43.61 35.69
40.86  8.55
57.59 65.20
67.82 81.23
13.18 47.69
38.20 56.30
41.16 74.53
63.80 95.13
63.38 79.69
13.08 32.37
12.08 47.63
74.64 41.96
44.41 34.78
34.01 14.49
91.54 99.05
31.66 70.66
21.82 47.15
41.67 60.36
71.56 37.45
58.44 54.02
95.44 63.22
44.79 62.55
54.32 33.48
50.08 85.03
29.30 61.89
49.07  7.26
62.43 74.42
28.95 60.69
47.61 86.59
84.34 83.47
21.27 43.01
10.92 23.98
36.01  9.04
17.81 23.08
95.93 68.84
85.07 49.60
27.70 65.84
84.65 65.04
83.18 54.83
33.92 11.12
37.04 42.61
87.61 76.85
83.80 42.94
79.11 72.66
62.57 59.94
54.75 45.61
41.65 77.43
68.37 87.84
18.31 59.02
92.00 50.59
53.65 57.10
90.89 78.07
35.57  9.59
85.91 82.94
 4.94  9.94
20.75  9.10
76.14 93.76
93.47 69.95
61.43 60.98
94.62 65.31
70.19 46.54
11.34 52.83
48.03 21.50
68.88 39.67
57.64 50.50
60.30 39.79
23.54  4.07
39.56 47.17
68.89 95.82
57.06 80.22
88.26 49.19
55.34 27.36
55.11 52.39
32.10  7.87
59.65 87.71
53.54 84.72
95.13 57.99
85.78 43.75
32.37 12.41
34.15  7.37
32.60 45.24
24.22 18.23
55.95 55.27
98.48 89.04
27.36 24.30
47.94 16.00
30.17 40.57
27.23 58.07
68.00 64.15
 3.61  3.35
21.56  4.14
80.18 88.28
30.55 56.20
52.74 10.55
41.36 78.69
31.83 35.24
86.47 67.65
22.82 53.33
33.51 49.66
61.69 46.25
58.75 48.56
25.17  3.60
18.27 18.26
40.14 33.65
56.47 23.25
34.36 72.14
62.51 63.83
22.12 60.45
98.05 65.84
37.91 80.51
11.56 46.76
20.18 58.22
28.65 60.95
47.83 67.07
99.62 96.44
17.97 13.50
21.98 59.63
79.15 63.74
51.14 23.66
86.38 48.44
32.54 74.77
98.20 82.88
76.79 33.80
54.86 31.85
78.61 67.89
34.44 46.76
95.34 76.57
74.10 90.34
74.46 79.16
31.83  0.54
33.88 20.70
53.65 74.45
65.64 85.26
 6.49 33.38
 0.49 25.88
71.50 75.92
47.71 29.66
42.89 48.66
 6.07 12.21
94.39 89.64
39.27 16.39
55.36 50.04
 2.92 39.83
78.15 78.12
81.61 80.41
76.88 91.28
71.94 42.60
71.01 76.55
42.63 30.70
45.33 72.96
88.19 81.36
34.66 77.10
26.23 38.86
70.62 52.41
45.63  5.80
26.78 67.23
48.14 30.39
65.51 41.65
15.83 21.48
45.15  6.28
86.77 85.16
19.54 14.18
57.33 44.87
15.63 43.13
27.52 14.70
21.67 52.00
68.95 34.09
33.10  8.62
19.74 21.57
49.94 34.99
14.68 15.53
29.95 30.50
28.99 18.65
46.81 56.28
 6.36 40.08
82.97 84.41
12.32 33.57
30.19 64.18
83.88 64.94
59.57 61.36
51.78 38.02
12.02 21.42
48.77 74.30
 0.40 42.69
99.01 81.37
67.53 64.68
39.84 27.24
52.79 47.63
48.27 34.52
27.16 26.58
35.97 78.65
29.46 19.84
 7.23 19.90
42.95 34.24
92.20 55.05
54.52 78.44
67.86 55.07
44.01 49.30
44.81 77.09
93.16 90.57
80.19 58.04
83.61 44.43
99.98 91.98
76.03 44.78
 7.63 27.90
77.87 46.57
61.17 38.93
97.75 91.06
54.93 94.79
85.47 81.26
51.31 44.23
21.97 38.72
24.98 22.93
86.26 60.96
70.91 46.39
58.43 88.03
23.64 26.87
19.59 50.62
27.16 32.01
 9.92 52.49
22.72 65.85
65.66 83.23
99.30 71.24
28.44 44.85
60.37 23.69
16.32 45.78
83.31 61.47
63.80 65.92
30.43 48.72
51.77 34.70
60.58 24.29
34.66 42.10
88.79 99.54
63.12 61.40
46.00 26.68
15.08 32.99
95.98 80.99
35.96 77.27
68.36 24.37
 8.86 42.58
44.13 43.79
 3.39 17.89
84.42 91.39
24.88 35.29
60.09 83.46
 6.87 32.75
70.59 47.45
32.77  9.00
76.56 81.08
69.02 36.96
70.25 55.06
77.18 84.44
14.17 16.79
66.66 86.45
49.96 46.63
 8.98 16.47
57.14 62.64
19.12 52.23
66.98 86.89
84.01 99.85
83.85 78.11
31.71 15.37
73.55 97.89
45.74 84.17
40.33 73.60
84.62 42.51
78.97 86.66
92.06 99.83
41.77 40.72
78.93 43.39
42.39 74.92
84.74 42.57
41.85 16.72
93.33 77.94
46.04 64.49
17.76 17.11
62.44 95.35
71.98 67.78
73.43 30.51
36.64  1.03
87.76 79.52
27.27 51.98
23.37 59.03
64.86 91.11
 9.34 35.45
38.03 59.50
 7.04 35.13
86.98 69.39
80.10 59.07
56.97 69.19
69.96 94.56
14.68 55.34
90.36 47.78
29.57 31.45
67.65 67.43
26.53 39.26
80.23 60.80
39.36 22.91
31.97  8.92
38.78 42.52
36.84 32.47
37.83 58.41
41.57 46.42
67.82 66.19
38.81 14.51
54.11 43.68
66.68 77.64
84.92 88.56
38.32  2.91
 2.86  9.60
40.41 10.47
 4.28 19.46
23.38 47.03
67.61 88.24
48.54 53.91
28.87 14.07
92.67 63.95
82.17 90.36
94.21 94.74
70.55 36.50
36.99 71.87
70.45 60.60
 4.39 23.38
39.75 39.19
86.30 57.05
