1000
93.53 57.53
92.46 2.77
96.03 32
83.81 21.09
86.66 30.12
72.97 17.83
17.91 50.31
15.71 59.76
37.38 14.58
97.60 1.48999999999999
30.60 63.13
7.48 98.37
15.15 73.03
85.32 5.19
56.46 41.1
65.23 72.89
60.34 30.31
39.19 85.18
0.92 81.02
87.20 3.70999999999999
28.08 95.37
34.75 22.18
90.01 38.45
53.33 10.12
76.51 26.78
19.59 43.03
6.24 88.02
21.15 97.58
15.78 43.37
25.35 80.64
53.91 97.87
86.13 55.8
83.62 44.54
81.24 2.27
9.39 69.09
11.46 38.69
64.95 70.14
79.67 63.06
70.14 66.18
55.61 69.54
60.52 70.43
53.69 42.91
41.30 66.81
3.14 85.26
30.42 78.25
60.72 3.31999999999999
23.90 60.58
66.98 51.4
38.83 73
47.44 69.81
42.21 94.63
39.41 29.09
27.31 84.18
27.82 58.31
76.26 19.36
69.44 56.54
88.12 34.36
13.33 73.43
15.15 64.89
51.81 12.14
76.51 42.97
90.33 24.52
20.76 36.44
61.04 39.24
58.72 19.45
8.08 91.97
97.93 42.85
13.82 64.86
37.16 24.93
53.56 27.81
9.75 51.89
62.32 41.9
34.46 99.93
91.64 41.02
18.07 95.6
21.09 31.37
15.00 48.59
70.90 59.37
35.16 89.69
60.36 42.29
49.47 9.95
26.63 95.58
52.68 45.66
94.90 21.22
77.83 19.13
47.35 91.33
63.89 63.48
45.22 64.64
51.17 58.47
23.56 69.83
20.94 56.51
64.94 64.8
90.30 31.45
74.43 70.12
85.42 43.43
94.55 35.09
76.37 42.42
92.86 53.49
57.93 73.5
7.09 90.48
68.03 40.04
95.08 4.67
67.72 80.35
76.82 40.47
73.60 41.15
96.52 27.46
63.37 29.34
90.70 58.26
32.59 27.43
78.00 19.32
84.48 65.64
98.39 38.45
37.05 77.15
77.95 51.72
17.48 93.89
69.03 83.41
21.00 90.31
62.74 19.54
70.08 18.71
39.89 48.17
94.81 42.33
34.77 78.67
71.17 25.77
36.69 30.3
64.17 2.14
75.12 20.79
69.09 57.16
42.77 8.12
70.01 60.82
14.35 93.4
53.22 24.48
12.71 35.53
9.11 75.02
22.20 42.19
50.91 17.9
65.55 77.83
15.34 88.96
74.48 16.79
12.73 85.77
38.54 12.3
93.52 6.92
18.20 62.7
0.98 57.26
75.65 74.53
48.50 68.12
63.73 70.14
40.06 95.1
77.94 25.94
97.27 36.24
48.75 9.31
84.76 44.21
44.47 18.98
8.76 45.04
41.17 48.56
80.28 70.74
65.46 24.29
25.32 78.6
22.45 52.97
95.40 25.73
28.21 40.14
56.69 1.04000000000001
19.24 75.48
90.39 26.66
56.18 41.65
94.65 51.97
44.47 32.2
39.00 76.59
6.87 98.5
33.13 44.93
87.35 23.1
66.37 64.48
48.39 32.63
89.82 31.76
75.33 47.35
66.99 39.77
26.01 27.25
40.32 15.17
11.21 55.81
40.36 66.61
59.81 81.48
14.87 69.35
39.99 31.8
38.72 57.63
81.59 35.49
76.77 29.7
59.55 17.38
59.98 76.74
19.87 56.43
31.95 55.36
95.22 11.93
85.21 0.260000000000005
74.00 58.68
73.86 56.76
58.16 69.72
9.01 91.1
95.20 19.28
51.17 55.96
76.90 73.82
44.78 31.12
95.87 56.52
1.62 58.06
51.21 95.07
82.48 42.79
62.86 9.76000000000001
40.59 87.92
50.81 78.49
19.78 70.16
19.79 99.13
50.58 8.36
33.38 93.66
85.83 1.22
15.17 34.29
83.75 57.6
50.39 92.07
28.92 38.33
2.84 65.92
41.97 56.39
81.07 62.14
10.87 46.03
0.56 90.19
36.72 87.68
68.17 76.09
70.46 19.59
65.56 84.74
73.37 69.25
11.52 97.32
31.53 71.18
28.96 24.09
86.23 27.02
70.23 23.09
52.54 52.59
17.37 78.44
93.49 34.51
36.55 83.46
45.10 10.1
95.58 14.54
0.16 52.92
10.15 62.12
44.77 44.47
4.78 69.36
17.71 86.83
82.50 19.74
71.80 80.25
97.37 8.67
88.99 34.12
39.17 68.03
83.71 2.27
37.04 79.71
6.26 91.59
62.17 53.15
89.24 50.9
74.59 58.67
54.95 76.29
3.54 96.3
64.15 15.51
54.29 47.48
61.63 22.44
62.39 79.64
11.61 63.34
74.62 23.88
4.98 61.35
45.34 61.06
72.66 47.99
59.29 6.81
63.21 70.68
71.66 11.5
11.22 97.82
98.89 49.45
47.86 81.04
43.39 4.73
91.26 28.81
11.04 79.82
1.59 51.4
79.57 66.82
31.41 59.37
59.53 42.46
77.30 17.57
18.23 60.5
36.90 54.58
29.14 20.96
11.63 45.46
15.71 59.24
34.41 81.46
55.13 70.51
24.98 54.23
24.21 83.53
62.83 69.7
48.20 82.66
27.13 58.14
23.47 86
68.09 74.4
79.52 65.17
49.13 24.63
36.98 80.28
69.50 81.76
50.70 49.3
92.18 38.73
87.31 50.58
44.35 69.43
13.94 46.85
28.22 64.11
70.13 11.17
60.32 19.01
94.46 6.14
68.33 52.47
21.64 95.87
33.37 84.38
72.07 72.17
33.12 24.42
24.04 42.13
32.81 40.25
28.71 58.05
90.32 30.33
47.45 90.67
54.97 4.44
34.60 51.11
84.57 63.25
43.41 13.49
25.12 73.84
71.18 19.7
86.37 37.63
65.36 59.59
52.97 94.08
82.98 18.62
58.13 12.78
60.19 88.72
88.79 59.04
54.73 46.97
91.68 60.99
64.41 85.83
72.65 42.83
64.45 25.6
72.34 77.83
3.71 65.82
13.58 61.04
34.11 32.51
35.84 36.17
43.98 10.01
4.83 60.98
36.55 62.24
57.48 54.65
41.03 65.7
15.39 62.4
38.26 60.36
48.65 77.57
53.86 43.1
71.75 33.09
23.70 40.39
77.63 35.66
56.67 51.12
56.60 14.36
27.38 50.16
67.37 67.61
50.95 99.64
90.46 40.28
47.11 66.16
60.20 9.12
50.06 11.09
63.04 3.40000000000001
20.87 31.13
79.28 58.57
73.85 68.7
56.31 21.38
56.70 68.7
32.88 99.35
75.71 56.45
7.10 83.76
71.31 63.89
51.37 18.15
87.66 64.1
55.33 87.46
96.58 42.53
76.98 57.62
46.23 9.81999999999999
93.30 42.5
32.45 27.77
33.66 51.77
84.07 64.95
62.12 34.91
13.51 48.98
67.16 2.56999999999999
62.31 74.83
74.19 31.94
48.19 91.56
17.56 33.95
72.13 9.02
78.49 27.13
22.74 96.36
93.33 31.88
43.13 55.78
32.79 35.41
11.82 74.04
44.30 28.31
67.56 32.36
31.14 28.85
5.77 69.53
36.00 73.22
40.97 9.56999999999999
60.59 75.86
91.94 46.83
25.78 49.93
74.12 52.81
86.43 64.44
76.92 34.26
10.86 50.65
67.76 44.72
32.61 25.3
50.02 20.24
95.40 54.54
74.41 40.92
15.03 47.46
1.79 78.3
69.19 39.64
65.10 6.97
94.70 16.2
8.69 93.73
76.40 11.18
61.91 50.79
28.18 22.82
79.75 48.47
75.15 35.5
12.10 66.29
27.40 50.01
73.75 39.68
3.60 87.12
56.10 48.86
14.02 95.01
55.97 62.75
12.19 93.18
5.08 81.4
47.23 61.32
45.80 73.23
13.08 93.41
95.27 53.76
61.93 60.86
48.64 76.8
38.77 61.73
88.49 38.49
71.11 40.85
49.29 98.1
70.81 52.71
2.28 90.73
87.60 32.9
75.82 38.36
55.17 16.24
17.52 66.11
62.87 72.3
15.73 54.64
56.28 80.87
94.17 37.9
91.90 23.5
37.04 46.58
99.61 37.14
53.08 56.91
46.95 55.81
53.34 7.45
35.84 18.01
99.57 15.8
67.44 60.11
21.66 91.23
12.03 40.99
36.47 52.76
88.69 23.97
52.36 68.93
58.37 29.43
18.70 56.14
60.38 8.65000000000001
37.14 56.27
25.14 63.99
51.86 48.19
13.17 47.2
33.02 29.35
4.88 60.4
86.19 63.68
74.15 46.72
34.28 34.19
77.07 24
44.09 19.25
94.56 29.62
75.01 27.8
49.72 5.31999999999999
15.20 44.83
96.52 21.08
47.97 0.939999999999998
38.80 30.2
60.37 74.5
98.94 9.63
19.37 91.5
69.63 18.79
48.82 3.56999999999999
91.01 21.97
99.21 48.1
98.60 24.82
79.83 62.84
46.57 59.08
66.33 76.64
62.66 48.96
59.68 17.68
28.25 40.66
20.61 69.72
33.41 56.26
7.20 72.28
26.17 87.31
91.59 2.76000000000001
50.61 4.59
85.81 15.83
38.40 53.24
71.70 79.14
8.23 96.06
44.66 24.38
34.71 23.57
90.77 52.96
64.15 19.02
28.58 23.08
96.12 3.84999999999999
89.82 4.90000000000001
94.85 56.3
44.80 14.93
35.28 25.99
27.71 21.54
43.67 24.36
40.98 70.59
35.17 68.48
53.77 37.31
9.05 46.77
61.31 47.13
41.53 21.57
26.73 70.4
29.90 94.42
51.26 35.28
28.29 71.96
84.02 31.6
36.24 75.76
24.84 60.17
68.87 10.09
26.70 69.47
82.84 38.55
69.63 6.48
71.14 52.92
57.17 2.05
87.13 41.95
19.64 50.72
84.78 49.93
52.61 40.48
95.73 47.35
68.22 16.94
8.81 87.02
91.46 26.29
57.01 78.45
0.60 65.79
90.20 32.04
71.37 35.34
37.37 35.92
61.28 1.5
32.00 65.71
27.66 99.98
68.53 46.77
63.04 29.97
24.59 76.92
72.09 80.49
66.55 10.7
12.66 61.72
92.99 19.07
52.33 8.48999999999999
56.04 3.23
60.21 66.62
88.84 6.78
16.06 69.73
94.72 33.17
39.40 63.46
31.91 87.24
21.77 86.35
79.40 25.84
84.00 33.15
75.85 73.05
7.22 84.2
23.66 38.58
12.67 98.64
69.41 29.73
72.14 34.05
65.63 84.25
86.26 12.52
91.61 51.3
15.93 75.48
61.71 74.85
32.04 94.45
20.82 88.22
56.53 26.82
81.37 32.87
29.66 44.75
16.06 55.76
39.68 32.26
54.40 10.99
57.75 8.90000000000001
42.30 72.71
45.10 62.41
74.86 29.75
42.73 45.03
41.04 21.38
17.57 41.52
30.96 45.28
12.83 40.3
51.86 65.79
62.98 51.38
55.11 11.62
32.45 98.78
0.83 76.99
23.57 64.86
63.20 32.62
64.59 58.97
51.63 63.03
53.31 65.79
50.13 28.86
36.95 40.34
50.68 94.82
67.35 56.02
24.58 79.78
83.10 52.77
62.33 37.58
60.11 43.56
53.77 34.17
72.92 58.81
62.65 72.39
76.09 68.28
52.13 66.93
33.92 35.55
39.03 27.38
62.75 28.76
38.02 11.98
86.61 4.34
52.66 67.04
90.22 33.71
86.50 44.7
87.89 20.21
5.41 48.21
16.22 72.14
61.60 56.36
99.16 4.94
62.74 83.61
37.27 39.84
96.04 41.19
48.72 37.7
41.89 99.71
60.05 4.33
93.07 47.44
60.34 70.94
84.72 23.72
79.11 34.68
42.72 47.61
41.25 46.33
22.00 50.08
95.67 1
70.50 63.81
14.44 69.93
40.12 9.04000000000001
34.82 86.38
50.93 31.21
32.88 49.99
47.69 35.12
97.60 6.2
64.77 70.56
76.84 14.48
32.26 24.56
23.56 47.81
47.72 42.17
68.70 39.63
23.08 26.41
4.80 95.96
65.03 45.65
16.41 55.02
11.06 99.43
17.77 83.57
6.76 96.34
50.86 88.45
22.37 47.37
12.75 97.57
7.16 79.3
28.70 30.73
82.37 59.85
29.61 63.69
14.92 44.97
54.22 55.4
31.95 17.69
53.97 70.29
65.67 33.62
67.79 27.53
22.60 33.49
24.78 66.08
29.90 25.51
86.49 13.01
23.96 34.75
53.17 33.1
83.38 2.40000000000001
63.48 26.67
32.14 58.88
87.47 24.33
56.95 44.27
60.20 81.61
70.09 10.56
6.25 87.81
80.92 18.06
14.63 51.33
49.22 17.76
83.12 69.4
93.70 44.93
9.60 86.62
28.81 58.01
35.15 88.47
47.69 34.65
69.22 54.18
12.81 90.78
56.46 0.590000000000003
47.47 83.58
60.43 40.82
24.52 99.8
41.96 78.82
44.91 36.29
96.19 45.64
30.14 71.74
34.45 16.68
69.71 9.83
47.23 78.56
8.89 70.53
96.11 55.86
70.67 12.84
33.01 66.9
12.71 85.85
98.02 10.18
85.55 48.6
63.52 30.81
55.45 90.26
47.77 49.71
49.55 14.89
51.72 0.730000000000004
90.25 40.02
96.68 21.18
49.23 57.84
66.20 2.67
38.85 94.57
87.06 3.78
74.65 8.27
14.71 96.03
61.44 68.45
59.40 55.05
37.81 29.5
15.44 88.16
81.23 14.68
85.00 25.05
37.01 95.1
46.18 39.8
74.12 23.17
15.34 84.74
48.29 33.05
97.48 46.65
39.42 47.54
48.12 86.86
67.16 58.67
22.24 47.9
13.18 83.53
31.86 40.77
75.31 20.52
11.78 93.35
42.18 7.51000000000001
55.84 70.36
39.91 19.92
20.15 99.46
66.30 58.75
45.23 83.29
28.00 45.93
11.20 69.97
30.60 94.76
43.78 8.81
64.12 40.81
17.70 89.73
21.27 62.73
67.46 39.01
85.53 51.21
69.34 60.65
23.00 27.85
87.95 43.65
9.82 62.55
41.95 16.49
20.43 70.57
3.74 73.26
43.84 91.1
96.27 43.68
24.16 27.49
43.20 39.7
42.09 43.04
58.72 5.67
13.22 47.32
95.68 6.26000000000001
8.60 95.57
57.47 72.72
0.55 70.18
28.84 93.54
87.45 0.25
63.15 39.16
49.57 88.35
37.16 39.79
49.72 95.62
26.26 67.17
74.06 50.21
5.30 44.47
69.00 51.27
31.55 18.71
69.56 28.58
49.54 7.59
49.34 45.38
55.78 65.7
22.34 72.92
80.98 66.55
38.72 61.9
30.82 36.63
95.00 10.66
97.42 43.14
83.31 62.2
23.81 51.2
59.06 18.82
0.37 83.21
56.34 79.01
89.24 46.68
93.79 56.89
34.10 79.61
39.57 68.19
76.19 4.42
69.27 11.6
66.55 19.07
76.01 73.44
18.82 86.89
62.12 85.79
37.94 89.73
39.77 45.56
56.71 68.66
38.64 50.06
83.30 49.79
32.70 31.24
25.91 48.08
2.26 96.92
6.48 66.44
66.05 12.04
13.32 52.14
64.78 31.73
32.94 66.1
62.90 33.2
30.81 26.36
23.31 51.43
59.68 76.82
8.56 97.64
73.05 28.08
87.55 27.57
27.16 85.21
23.77 98.43
35.00 49.25
34.98 70.21
28.38 45.32
84.15 47.47
92.32 3.48999999999999
53.73 17.97
86.25 34.7
26.21 25.98
42.15 66.48
83.87 14.36
52.77 37.59
64.05 0.239999999999995
18.34 44.17
49.92 7.39
93.08 56.44
37.06 95.46
39.86 71.38
77.62 69.66
29.32 39.43
28.36 91.39
94.59 20.07
47.59 58.74
75.06 35.65
46.62 51.32
6.58 97.6
33.59 75.59
42.97 86.64
26.22 65.37
20.41 77.34
38.42 14.34
18.94 94.67
83.18 68.9
37.29 45
84.99 19.47
42.84 42.56
45.64 64.59
18.93 74.6
16.76 43.74
84.49 18.79
57.76 17.42
44.78 12.59
92.20 2.56999999999999
31.33 83.18
11.24 36.87
50.85 27.81
28.42 58.12
70.75 42.53
1.70 92.93
6.94 51.3
34.43 29.53
65.31 71.21
29.82 79.24
58.06 34.75
28.73 54.68
30.41 22.53
83.50 32.43
25.99 36.53
14.01 62.11
77.03 39.78
4.78 80.4
62.53 23.39
40.63 41.33
94.38 25.42
46.81 92.65
11.40 52.01
58.91 31.63
29.56 82.84
64.19 42.01
32.58 30.86
50.76 86.05
97.36 35.98
59.01 46.33
17.95 86.28
34.14 77.41
17.82 42.5
4.86 84.92
88.31 36.33
43.77 76.08
90.43 12.47
44.54 49.47
93.30 43.51
49.43 32.66
81.71 24.14
64.33 13.25
66.91 52.59
25.43 50.34
35.51 84.35
64.94 33.66
42.34 86.74
67.99 54.44
41.03 90.77
32.95 90.42
83.31 33.21
62.62 80.62
31.87 48.6
63.91 61.51
40.20 81.67
10.41 42.42
91.83 41.4
27.77 84.83
24.48 48.66
84.12 42.99
54.05 9.56999999999999
60.76 70.97
35.54 17.24
72.52 28.91
92.05 52.39
70.56 35.45
66.43 59.98
70.01 28.82
63.28 7.09
67.16 44.27
33.76 92.36
80.63 66.73
79.48 2.75
93.18 39.51
42.05 76.05
45.54 51.13
60.18 10.08
52.45 90.7
53.37 75.17
37.98 18.82
87.23 65.62
0.64 83.69
40.34 31.29
59.26 0.390000000000001
67.08 44.25
29.59 82.98
18.75 37.87
45.91 32.69
23.30 47.57
80.54 40.92
91.17 29.48
2.95 45.4
80.09 34.51
64.20 3.91
78.25 18.42
1.42 69.11
54.22 24.81
2.51 98.62
51.52 39.71
89.14 4.3
28.30 63.18
47.59 4.56999999999999
24.84 74.98
40.98 82.69
44.35 61.46
