1000
93.53 42.47
92.46 97.23
96.03 68.00
83.81 78.91
86.66 69.88
72.97 82.17
17.91 49.69
15.71 40.24
37.38 85.42
97.60 98.51
30.60 36.87
 7.48  1.63
15.15 26.97
85.32 94.81
56.46 58.90
65.23 27.11
60.34 69.69
39.19 14.82
 0.92 18.98
87.20 96.29
28.08  4.63
34.75 77.82
90.01 61.55
53.33 89.88
76.51 73.22
19.59 56.97
 6.24 11.98
21.15  2.42
15.78 56.63
25.35 19.36
53.91  2.13
86.13 44.20
83.62 55.46
81.24 97.73
 9.39 30.91
11.46 61.31
64.95 29.86
79.67 36.94
70.14 33.82
55.61 30.46
60.52 29.57
53.69 57.09
41.30 33.19
 3.14 14.74
30.42 21.75
60.72 96.68
23.90 39.42
66.98 48.60
38.83 27.00
47.44 30.19
42.21  5.37
39.41 70.91
27.31 15.82
27.82 41.69
76.26 80.64
69.44 43.46
88.12 65.64
13.33 26.57
15.15 35.11
51.81 87.86
76.51 57.03
90.33 75.48
20.76 63.56
61.04 60.76
58.72 80.55
 8.08  8.03
97.93 57.15
13.82 35.14
37.16 75.07
53.56 72.19
 9.75 48.11
62.32 58.10
34.46  0.07
91.64 58.98
18.07  4.40
21.09 68.63
15.00 51.41
70.90 40.63
35.16 10.31
60.36 57.71
49.47 90.05
26.63  4.42
52.68 54.34
94.90 78.78
77.83 80.87
47.35  8.67
63.89 36.52
45.22 35.36
51.17 41.53
23.56 30.17
20.94 43.49
64.94 35.20
90.30 68.55
74.43 29.88
85.42 56.57
94.55 64.91
76.37 57.58
92.86 46.51
57.93 26.50
 7.09  9.52
68.03 59.96
95.08 95.33
67.72 19.65
76.82 59.53
73.60 58.85
96.52 72.54
63.37 70.66
90.70 41.74
32.59 72.57
78.00 80.68
84.48 34.36
98.39 61.55
37.05 22.85
77.95 48.28
17.48  6.11
69.03 16.59
21.00  9.69
62.74 80.46
70.08 81.29
39.89 51.83
94.81 57.67
34.77 21.33
71.17 74.23
36.69 69.70
64.17 97.86
75.12 79.21
69.09 42.84
42.77 91.88
70.01 39.18
14.35  6.60
53.22 75.52
12.71 64.47
 9.11 24.98
22.20 57.81
50.91 82.10
65.55 22.17
15.34 11.04
74.48 83.21
12.73 14.23
38.54 87.70
93.52 93.08
18.20 37.30
 0.98 42.74
75.65 25.47
48.50 31.88
63.73 29.86
40.06  4.90
77.94 74.06
97.27 63.76
48.75 90.69
84.76 55.79
44.47 81.02
 8.76 54.96
41.17 51.44
80.28 29.26
65.46 75.71
25.32 21.40
22.45 47.03
95.40 74.27
28.21 59.86
56.69 98.96
19.24 24.52
90.39 73.34
56.18 58.35
94.65 48.03
44.47 67.80
39.00 23.41
 6.87  1.50
33.13 55.07
87.35 76.90
66.37 35.52
48.39 67.37
89.82 68.24
75.33 52.65
66.99 60.23
26.01 72.75
40.32 84.83
11.21 44.19
40.36 33.39
59.81 18.52
14.87 30.65
39.99 68.20
38.72 42.37
81.59 64.51
76.77 70.30
59.55 82.62
59.98 23.26
19.87 43.57
31.95 44.64
95.22 88.07
85.21 99.74
74.00 41.32
73.86 43.24
58.16 30.28
 9.01  8.90
95.20 80.72
51.17 44.04
76.90 26.18
44.78 68.88
95.87 43.48
 1.62 41.94
51.21  4.93
82.48 57.21
62.86 90.24
40.59 12.08
50.81 21.51
19.78 29.84
19.79  0.87
50.58 91.64
33.38  6.34
85.83 98.78
15.17 65.71
83.75 42.40
50.39  7.93
28.92 61.67
 2.84 34.08
41.97 43.61
81.07 37.86
10.87 53.97
 0.56  9.81
36.72 12.32
68.17 23.91
70.46 80.41
65.56 15.26
73.37 30.75
11.52  2.68
31.53 28.82
28.96 75.91
86.23 72.98
70.23 76.91
52.54 47.41
17.37 21.56
93.49 65.49
36.55 16.54
45.10 89.90
95.58 85.46
 0.16 47.08
10.15 37.88
44.77 55.53
 4.78 30.64
17.71 13.17
82.50 80.26
71.80 19.75
97.37 91.33
88.99 65.88
39.17 31.97
83.71 97.73
37.04 20.29
 6.26  8.41
62.17 46.85
89.24 49.10
74.59 41.33
54.95 23.71
 3.54  3.70
64.15 84.49
54.29 52.52
61.63 77.56
62.39 20.36
11.61 36.66
74.62 76.12
 4.98 38.65
45.34 38.94
72.66 52.01
59.29 93.19
63.21 29.32
71.66 88.50
11.22  2.18
98.89 50.55
47.86 18.96
43.39 95.27
91.26 71.19
11.04 20.18
 1.59 48.60
79.57 33.18
31.41 40.63
59.53 57.54
77.30 82.43
18.23 39.50
36.90 45.42
29.14 79.04
11.63 54.54
15.71 40.76
34.41 18.54
55.13 29.49
24.98 45.77
24.21 16.47
62.83 30.30
48.20 17.34
27.13 41.86
23.47 14.00
68.09 25.60
79.52 34.83
49.13 75.37
36.98 19.72
69.50 18.24
50.70 50.70
92.18 61.27
87.31 49.42
44.35 30.57
13.94 53.15
28.22 35.89
70.13 88.83
60.32 80.99
94.46 93.86
68.33 47.53
21.64  4.13
33.37 15.62
72.07 27.83
33.12 75.58
24.04 57.87
32.81 59.75
28.71 41.95
90.32 69.67
47.45  9.33
54.97 95.56
34.60 48.89
84.57 36.75
43.41 86.51
25.12 26.16
71.18 80.30
86.37 62.37
65.36 40.41
52.97  5.92
82.98 81.38
58.13 87.22
60.19 11.28
88.79 40.96
54.73 53.03
91.68 39.01
64.41 14.17
72.65 57.17
64.45 74.40
72.34 22.17
 3.71 34.18
13.58 38.96
34.11 67.49
35.84 63.83
43.98 89.99
 4.83 39.02
36.55 37.76
57.48 45.35
41.03 34.30
15.39 37.60
38.26 39.64
48.65 22.43
53.86 56.90
71.75 66.91
23.70 59.61
77.63 64.34
56.67 48.88
56.60 85.64
27.38 49.84
67.37 32.39
50.95  0.36
90.46 59.72
47.11 33.84
60.20 90.88
50.06 88.91
63.04 96.60
20.87 68.87
79.28 41.43
73.85 31.30
56.31 78.62
56.70 31.30
32.88  0.65
75.71 43.55
 7.10 16.24
71.31 36.11
51.37 81.85
87.66 35.90
55.33 12.54
96.58 57.47
76.98 42.38
46.23 90.18
93.30 57.50
32.45 72.23
33.66 48.23
84.07 35.05
62.12 65.09
13.51 51.02
67.16 97.43
62.31 25.17
74.19 68.06
48.19  8.44
17.56 66.05
72.13 90.98
78.49 72.87
22.74  3.64
93.33 68.12
43.13 44.22
32.79 64.59
11.82 25.96
44.30 71.69
67.56 67.64
31.14 71.15
 5.77 30.47
36.00 26.78
40.97 90.43
60.59 24.14
91.94 53.17
25.78 50.07
74.12 47.19
86.43 35.56
76.92 65.74
10.86 49.35
67.76 55.28
32.61 74.70
50.02 79.76
95.40 45.46
74.41 59.08
15.03 52.54
 1.79 21.70
69.19 60.36
65.10 93.03
94.70 83.80
 8.69  6.27
76.40 88.82
61.91 49.21
28.18 77.18
79.75 51.53
75.15 64.50
12.10 33.71
27.40 49.99
73.75 60.32
 3.60 12.88
56.10 51.14
14.02  4.99
55.97 37.25
12.19  6.82
 5.08 18.60
47.23 38.68
45.80 26.77
13.08  6.59
95.27 46.24
61.93 39.14
48.64 23.20
38.77 38.27
88.49 61.51
71.11 59.15
49.29  1.90
70.81 47.29
 2.28  9.27
87.60 67.10
75.82 61.64
55.17 83.76
17.52 33.89
62.87 27.70
15.73 45.36
56.28 19.13
94.17 62.10
91.90 76.50
37.04 53.42
99.61 62.86
53.08 43.09
46.95 44.19
53.34 92.55
35.84 81.99
99.57 84.20
67.44 39.89
21.66  8.77
12.03 59.01
36.47 47.24
88.69 76.03
52.36 31.07
58.37 70.57
18.70 43.86
60.38 91.35
37.14 43.73
25.14 36.01
51.86 51.81
13.17 52.80
33.02 70.65
 4.88 39.60
86.19 36.32
74.15 53.28
34.28 65.81
77.07 76.00
44.09 80.75
94.56 70.38
75.01 72.20
49.72 94.68
15.20 55.17
96.52 78.92
47.97 99.06
38.80 69.80
60.37 25.50
98.94 90.37
19.37  8.50
69.63 81.21
48.82 96.43
91.01 78.03
99.21 51.90
98.60 75.18
79.83 37.16
46.57 40.92
66.33 23.36
62.66 51.04
59.68 82.32
28.25 59.34
20.61 30.28
33.41 43.74
 7.20 27.72
26.17 12.69
91.59 97.24
50.61 95.41
85.81 84.17
38.40 46.76
71.70 20.86
 8.23  3.94
44.66 75.62
34.71 76.43
90.77 47.04
64.15 80.98
28.58 76.92
96.12 96.15
89.82 95.10
94.85 43.70
44.80 85.07
35.28 74.01
27.71 78.46
43.67 75.64
40.98 29.41
35.17 31.52
53.77 62.69
 9.05 53.23
61.31 52.87
41.53 78.43
26.73 29.60
29.90  5.58
51.26 64.72
28.29 28.04
84.02 68.40
36.24 24.24
24.84 39.83
68.87 89.91
26.70 30.53
82.84 61.45
69.63 93.52
71.14 47.08
57.17 97.95
87.13 58.05
19.64 49.28
84.78 50.07
52.61 59.52
95.73 52.65
68.22 83.06
 8.81 12.98
91.46 73.71
57.01 21.55
 0.60 34.21
90.20 67.96
71.37 64.66
37.37 64.08
61.28 98.50
32.00 34.29
27.66  0.02
68.53 53.23
63.04 70.03
24.59 23.08
72.09 19.51
66.55 89.30
12.66 38.28
92.99 80.93
52.33 91.51
56.04 96.77
60.21 33.38
88.84 93.22
16.06 30.27
94.72 66.83
39.40 36.54
31.91 12.76
21.77 13.65
79.40 74.16
84.00 66.85
75.85 26.95
 7.22 15.80
23.66 61.42
12.67  1.36
69.41 70.27
72.14 65.95
65.63 15.75
86.26 87.48
91.61 48.70
15.93 24.52
61.71 25.15
32.04  5.55
20.82 11.78
56.53 73.18
81.37 67.13
29.66 55.25
16.06 44.24
39.68 67.74
54.40 89.01
57.75 91.10
42.30 27.29
45.10 37.59
74.86 70.25
42.73 54.97
41.04 78.62
17.57 58.48
30.96 54.72
12.83 59.70
51.86 34.21
62.98 48.62
55.11 88.38
32.45  1.22
 0.83 23.01
23.57 35.14
63.20 67.38
64.59 41.03
51.63 36.97
53.31 34.21
50.13 71.14
36.95 59.66
50.68  5.18
67.35 43.98
24.58 20.22
83.10 47.23
62.33 62.42
60.11 56.44
53.77 65.83
72.92 41.19
62.65 27.61
76.09 31.72
52.13 33.07
33.92 64.45
39.03 72.62
62.75 71.24
38.02 88.02
86.61 95.66
52.66 32.96
90.22 66.29
86.50 55.30
87.89 79.79
 5.41 51.79
16.22 27.86
61.60 43.64
99.16 95.06
62.74 16.39
37.27 60.16
96.04 58.81
48.72 62.30
41.89  0.29
60.05 95.67
93.07 52.56
60.34 29.06
84.72 76.28
79.11 65.32
42.72 52.39
41.25 53.67
22.00 49.92
95.67 99.00
70.50 36.19
14.44 30.07
40.12 90.96
34.82 13.62
50.93 68.79
32.88 50.01
47.69 64.88
97.60 93.80
64.77 29.44
76.84 85.52
32.26 75.44
23.56 52.19
47.72 57.83
68.70 60.37
23.08 73.59
 4.80  4.04
65.03 54.35
16.41 44.98
11.06  0.57
17.77 16.43
 6.76  3.66
50.86 11.55
22.37 52.63
12.75  2.43
 7.16 20.70
28.70 69.27
82.37 40.15
29.61 36.31
14.92 55.03
54.22 44.60
31.95 82.31
53.97 29.71
65.67 66.38
67.79 72.47
22.60 66.51
24.78 33.92
29.90 74.49
86.49 86.99
23.96 65.25
53.17 66.90
83.38 97.60
63.48 73.33
32.14 41.12
87.47 75.67
56.95 55.73
60.20 18.39
70.09 89.44
 6.25 12.19
80.92 81.94
14.63 48.67
49.22 82.24
83.12 30.60
93.70 55.07
 9.60 13.38
28.81 41.99
35.15 11.53
47.69 65.35
69.22 45.82
12.81  9.22
56.46 99.41
47.47 16.42
60.43 59.18
24.52  0.20
41.96 21.18
44.91 63.71
96.19 54.36
30.14 28.26
34.45 83.32
69.71 90.17
47.23 21.44
 8.89 29.47
96.11 44.14
70.67 87.16
33.01 33.10
12.71 14.15
98.02 89.82
85.55 51.40
63.52 69.19
55.45  9.74
47.77 50.29
49.55 85.11
51.72 99.27
90.25 59.98
96.68 78.82
49.23 42.16
66.20 97.33
38.85  5.43
87.06 96.22
74.65 91.73
14.71  3.97
61.44 31.55
59.40 44.95
37.81 70.50
15.44 11.84
81.23 85.32
85.00 74.95
37.01  4.90
46.18 60.20
74.12 76.83
15.34 15.26
48.29 66.95
97.48 53.35
39.42 52.46
48.12 13.14
67.16 41.33
22.24 52.10
13.18 16.47
31.86 59.23
75.31 79.48
11.78  6.65
42.18 92.49
55.84 29.64
39.91 80.08
20.15  0.54
66.30 41.25
45.23 16.71
28.00 54.07
11.20 30.03
30.60  5.24
43.78 91.19
64.12 59.19
17.70 10.27
21.27 37.27
67.46 60.99
85.53 48.79
69.34 39.35
23.00 72.15
87.95 56.35
 9.82 37.45
41.95 83.51
20.43 29.43
 3.74 26.74
43.84  8.90
96.27 56.32
24.16 72.51
43.20 60.30
42.09 56.96
58.72 94.33
13.22 52.68
95.68 93.74
 8.60  4.43
57.47 27.28
 0.55 29.82
28.84  6.46
87.45 99.75
63.15 60.84
49.57 11.65
37.16 60.21
49.72  4.38
26.26 32.83
74.06 49.79
 5.30 55.53
69.00 48.73
31.55 81.29
69.56 71.42
49.54 92.41
49.34 54.62
55.78 34.30
22.34 27.08
80.98 33.45
38.72 38.10
30.82 63.37
95.00 89.34
97.42 56.86
83.31 37.80
23.81 48.80
59.06 81.18
 0.37 16.79
56.34 20.99
89.24 53.32
93.79 43.11
34.10 20.39
39.57 31.81
76.19 95.58
69.27 88.40
66.55 80.93
76.01 26.56
18.82 13.11
62.12 14.21
37.94 10.27
39.77 54.44
56.71 31.34
38.64 49.94
83.30 50.21
32.70 68.76
25.91 51.92
 2.26  3.08
 6.48 33.56
66.05 87.96
13.32 47.86
64.78 68.27
32.94 33.90
62.90 66.80
30.81 73.64
23.31 48.57
59.68 23.18
 8.56  2.36
73.05 71.92
87.55 72.43
27.16 14.79
23.77  1.57
35.00 50.75
34.98 29.79
28.38 54.68
84.15 52.53
92.32 96.51
53.73 82.03
86.25 65.30
26.21 74.02
42.15 33.52
83.87 85.64
52.77 62.41
64.05 99.76
18.34 55.83
49.92 92.61
93.08 43.56
37.06  4.54
39.86 28.62
77.62 30.34
29.32 60.57
28.36  8.61
94.59 79.93
47.59 41.26
75.06 64.35
46.62 48.68
 6.58  2.40
33.59 24.41
42.97 13.36
26.22 34.63
20.41 22.66
38.42 85.66
18.94  5.33
83.18 31.10
37.29 55.00
84.99 80.53
42.84 57.44
45.64 35.41
18.93 25.40
16.76 56.26
84.49 81.21
57.76 82.58
44.78 87.41
92.20 97.43
31.33 16.82
11.24 63.13
50.85 72.19
28.42 41.88
70.75 57.47
 1.70  7.07
 6.94 48.70
34.43 70.47
65.31 28.79
29.82 20.76
58.06 65.25
28.73 45.32
30.41 77.47
83.50 67.57
25.99 63.47
14.01 37.89
77.03 60.22
 4.78 19.60
62.53 76.61
40.63 58.67
94.38 74.58
46.81  7.35
11.40 47.99
58.91 68.37
29.56 17.16
64.19 57.99
32.58 69.14
50.76 13.95
97.36 64.02
59.01 53.67
17.95 13.72
34.14 22.59
17.82 57.50
 4.86 15.08
88.31 63.67
43.77 23.92
90.43 87.53
44.54 50.53
93.30 56.49
49.43 67.34
81.71 75.86
64.33 86.75
66.91 47.41
25.43 49.66
35.51 15.65
64.94 66.34
42.34 13.26
67.99 45.56
41.03  9.23
32.95  9.58
83.31 66.79
62.62 19.38
31.87 51.40
63.91 38.49
40.20 18.33
10.41 57.58
91.83 58.60
27.77 15.17
24.48 51.34
84.12 57.01
54.05 90.43
60.76 29.03
35.54 82.76
72.52 71.09
92.05 47.61
70.56 64.55
66.43 40.02
70.01 71.18
63.28 92.91
67.16 55.73
33.76  7.64
80.63 33.27
79.48 97.25
93.18 60.49
42.05 23.95
45.54 48.87
60.18 89.92
52.45  9.30
53.37 24.83
37.98 81.18
87.23 34.38
 0.64 16.31
40.34 68.71
59.26 99.61
67.08 55.75
29.59 17.02
18.75 62.13
45.91 67.31
23.30 52.43
80.54 59.08
91.17 70.52
 2.95 54.60
80.09 65.49
64.20 96.09
78.25 81.58
 1.42 30.89
54.22 75.19
 2.51  1.38
51.52 60.29
89.14 95.70
28.30 36.82
47.59 95.43
24.84 25.02
40.98 17.31
44.35 38.54
