1000
21.13 79.19
 9.09 20.83
39.71 51.44
10.45 57.50
56.03 49.44
 4.01 61.12
34.29  3.69
10.88 73.34
19.47 57.49
 0.75 34.71
19.49 19.09
 4.57 42.52
 0.72 48.46
43.34 89.07
81.83 66.21
33.65 15.39
 3.30 13.40
52.70 24.87
36.23 12.80
52.18 99.45
22.65 63.66
88.70 49.19
 4.61 63.84
32.78 61.75
78.26 46.19
69.54 48.03
86.07 37.26
72.49 63.47
53.95 75.83
23.56 21.29
64.85 41.74
43.20 67.55
95.39 48.58
56.90 10.02
49.27 51.45
37.91 58.15
82.33 76.49
68.07 40.69
87.27 52.21
 2.28 23.63
82.95 81.19
93.72 47.82
50.99 68.24
 1.06 50.63
77.17 37.66
88.54 43.49
44.24 90.47
11.21 16.18
98.05 63.53
19.03 32.21
29.48 10.12
44.70 68.25
42.93  0.28
45.95 61.18
63.92 75.30
17.63  8.61
79.04 52.10
80.89 44.00
39.11  1.62
26.79 84.58
11.73 39.83
41.12 55.06
15.22 50.66
42.93 35.40
82.32 42.29
49.57 75.75
95.04 43.79
26.02 19.47
42.91 41.15
 9.96 53.07
70.44 65.11
77.60 26.50
16.69 48.47
72.51 25.20
28.44 43.38
40.88 77.62
42.58 92.51
45.55 78.04
18.84 38.48
13.88 26.23
 9.79 30.21
43.52 11.47
33.84 39.49
85.30 48.42
49.22 41.57
52.42 40.61
68.23 67.48
51.56 60.33
84.98 78.56
90.01 37.90
73.80 61.03
22.22 71.99
94.93 63.75
19.84 49.74
19.61 66.12
52.47 30.93
49.69 41.07
92.52 92.95
48.49 63.89
82.29 70.78
70.27 56.53
44.27 20.95
63.81 91.82
64.97 16.43
22.42 55.25
32.50 24.79
62.47 68.30
66.35 35.21
 8.59 10.17
34.17 41.48
50.92  6.44
50.86 85.12
12.12  7.76
14.31 77.77
13.46 64.20
86.05 56.13
42.54 77.26
93.70 84.35
60.32  7.25
74.33 88.63
91.25 41.90
49.19 98.54
89.66 80.23
42.58 68.86
88.22 24.91
69.09 98.98
35.77 49.38
57.24 49.61
50.57 43.44
81.78 27.75
22.77  7.51
78.28 12.72
92.01 83.55
13.22 46.72
 4.51 23.51
10.62 68.10
56.82 24.63
66.15 16.66
53.24 26.81
57.54 45.08
19.32 19.23
25.15 75.69
 8.34 41.51
11.35  6.79
30.21 65.73
96.83 87.35
17.26  6.24
74.68 41.01
36.25 86.17
28.61 46.90
63.66 94.73
30.72 18.53
64.20  0.32
50.94 57.09
84.34 87.44
81.07 82.71
25.11 71.81
19.25 21.20
37.02 65.28
57.31 35.10
 4.10 53.17
42.17 83.57
78.40 71.10
23.50 62.15
 7.98 59.64
99.37 94.14
 0.21 31.47
65.69 46.28
 9.76 37.36
85.98 30.97
83.78 21.72
84.10 73.04
87.96 48.99
77.79 65.89
31.16 55.78
81.10 28.19
58.58 22.51
77.60 24.05
75.79 47.82
15.61  5.18
26.45 70.07
64.17 83.16
32.50 36.17
37.23 86.58
60.01 80.55
65.43 87.21
60.46 80.68
61.59 55.22
36.54  3.21
50.53 82.78
29.34 17.79
 3.94 23.56
48.88 13.81
 8.86 28.52
 9.20  7.64
26.85 45.33
39.15 51.00
25.23 87.85
30.62 61.84
90.45 61.78
32.03 56.25
35.10 95.14
79.47 68.87
27.74 55.14
18.73 27.51
53.27 94.42
45.07 87.38
76.00 11.25
56.93 54.00
20.86 23.99
78.41 90.20
42.54 89.87
13.23 62.28
94.00 97.67
 4.38  8.20
83.59 81.01
63.64 62.13
26.37 21.00
83.79 83.79
39.35 99.75
20.32 12.93
72.47 99.18
42.54 75.77
 3.22  2.45
24.15 26.79
27.74 84.70
84.55 31.10
97.98 32.31
62.09 64.64
63.11 61.51
11.50 29.24
55.97 51.29
76.23 24.13
45.20 44.80
 5.08 51.10
11.56 56.51
93.73 37.68
77.07 57.55
48.06 22.27
49.88  9.07
59.81  8.31
32.82 21.73
73.26 92.09
54.12 79.04
45.22 72.57
95.31 86.10
 4.35 24.75
98.97 54.19
70.34 98.00
46.31  4.77
73.91 27.71
74.33 53.47
71.81 18.87
60.19 82.22
34.47 82.69
15.66 77.97
39.42  8.60
56.77 50.62
58.91 73.49
78.92 77.53
46.36 28.74
95.29 41.15
 1.42 20.12
48.97 82.48
47.94 41.65
54.98 67.67
83.88 89.00
94.67 79.97
25.01 66.07
73.78 62.57
43.57 68.58
11.56 67.98
17.74 75.86
61.70 49.97
38.72 61.49
27.64 61.74
12.37 10.34
29.28 60.74
30.82 92.78
54.17 50.46
51.11 23.09
 4.15  9.26
58.59 71.44
15.93 62.62
44.17 20.40
 2.71 15.39
30.03 31.42
78.77 55.41
29.03 52.15
57.40 74.21
58.12 57.33
34.51 38.34
59.05 53.40
79.44 56.27
97.40 67.74
75.03 44.68
47.91 30.49
81.21 59.78
78.84 90.40
51.82 58.78
49.28  5.19
31.84 70.42
63.04 77.83
18.50 28.60
88.28 96.63
 9.78 13.12
50.48 66.46
98.28 88.33
94.11 53.18
40.68 86.74
 5.62 18.13
45.20 18.39
 9.90 75.30
20.24 18.32
99.34 47.38
18.05 40.02
70.61 30.59
69.76 61.04
22.73 35.73
57.26 43.36
59.39 41.84
45.06 33.21
75.97 28.74
90.85 39.22
84.73 69.02
91.37 78.18
98.55 87.24
30.61 51.76
69.91 88.50
55.44 96.27
17.12 26.76
 2.81  3.43
 6.63 25.36
 7.10 29.29
58.19 30.43
25.73 44.36
12.68 39.67
10.89 72.60
54.36 13.77
25.76  6.03
41.62 74.29
24.91 88.74
21.61 26.70
37.70 56.08
51.90 43.30
36.16 10.65
50.57 72.54
61.46 81.10
21.67 83.82
62.58 47.83
79.03 37.01
34.28 67.70
59.09 79.66
18.00  3.23
78.40 67.26
70.66 35.73
58.88 83.00
26.94 63.30
39.46  3.74
18.79 44.67
47.84  6.93
41.96 49.04
 6.66 33.13
71.00 21.51
46.85 98.37
72.50 50.11
58.31 85.13
62.67 31.60
94.95 45.06
70.82 63.26
22.06 32.09
83.24 60.41
 4.54 65.31
39.86 62.28
57.62 69.70
96.38 57.46
22.04 28.63
99.20 97.27
91.16 94.12
54.28 29.64
59.24 47.75
23.23 68.88
39.04 65.59
80.94 85.87
19.36 12.96
77.84 92.82
47.20 77.62
59.10 94.57
76.12 54.03
56.61 30.24
47.09 46.28
56.10 73.65
23.96 79.93
51.49 15.84
12.46 49.05
 0.73  1.33
51.01 48.76
57.89  1.45
83.25 80.35
60.90 69.70
49.36 66.90
33.04 58.76
66.19 85.92
12.02 75.60
87.44 41.69
47.81 87.68
37.56 44.39
28.17 60.05
59.68 32.04
80.24 49.25
85.60 27.05
88.26 53.76
41.20 95.31
35.81 81.98
84.80 54.15
33.12  4.45
37.39 62.29
51.35 66.78
57.48 30.75
89.15 89.11
67.27 90.81
51.10 56.93
46.28  8.70
29.23 46.88
 9.92 27.24
57.57 27.92
16.06  0.03
22.87  0.17
32.78 55.20
77.97 25.61
28.88 74.70
14.83 42.02
84.81 70.24
 5.08 11.48
71.15 79.29
38.42 36.05
41.59 72.94
21.47 17.64
42.42 45.38
98.66 66.10
41.70 54.57
75.87 78.05
25.50 66.66
39.91 41.45
25.60 63.11
90.01 29.34
21.57 39.40
22.08 56.64
70.46 24.93
14.14  0.62
38.30  4.61
58.83 58.86
50.49 18.23
23.95  4.67
12.50 52.32
16.36 32.98
29.47 42.36
91.94 89.04
34.31 48.46
31.81 74.63
10.04  4.43
15.03 23.02
86.85 85.08
22.31 48.76
11.02  5.50
 6.90 14.50
63.60 88.11
33.46 88.17
25.62 85.13
40.03  0.26
17.85 38.83
99.57 56.74
11.06 41.83
88.77 54.86
27.45 66.99
60.95 93.12
85.10 41.51
18.15 69.10
12.65 73.32
29.91 40.21
89.21 31.69
79.62 76.53
67.57 15.54
81.66 32.08
21.60 21.97
96.13 49.52
86.55 63.95
21.73 87.58
90.20 95.75
40.37 51.84
72.54 81.60
84.84 84.08
28.30 61.60
44.47 69.14
82.52 49.89
70.92 34.70
17.00 58.31
39.05 16.75
77.05 19.81
35.95 28.14
66.73  4.11
45.32 22.20
42.45 99.22
72.23  9.86
74.52 81.07
95.06 55.69
33.54 20.41
74.70 37.81
11.37 58.86
17.28 24.65
39.50 88.26
 3.69 67.77
75.05 68.22
29.30 79.67
85.89 35.22
58.76  5.04
52.15 73.55
96.55 77.92
13.24  9.73
43.72  3.78
93.50 76.53
32.84 42.76
84.43 70.73
35.39 14.47
17.02 48.88
30.65 70.06
34.50 70.47
65.35 76.75
98.23 55.12
73.11 43.70
54.40 58.00
91.80 33.05
37.66  7.50
99.17 57.83
52.39 77.52
 5.51 52.51
99.91 57.64
90.94 37.25
34.22 36.07
95.35 73.88
86.08 47.32
84.86 53.57
64.54 39.59
25.71 50.79
46.88 44.04
12.04 26.38
52.49 57.30
70.78 87.59
 2.50  8.14
 4.02 42.57
19.00 78.17
30.51 11.73
90.80 66.40
80.48 71.49
83.68 22.11
45.42 97.47
65.42 42.83
78.79 91.11
86.94 29.22
24.90 50.79
22.17 11.26
31.19 92.86
18.83 59.86
44.07 49.59
37.75 56.11
95.01 43.83
87.21 61.65
10.43 56.24
76.15 49.15
49.19 54.73
68.46 53.63
52.80 31.39
 7.66 11.79
15.23 77.92
94.43 42.33
74.34 67.35
41.61 60.53
55.13 88.69
50.96 31.74
17.36 10.78
54.23  0.88
20.40 17.27
71.49 14.57
68.28 53.46
47.48 86.23
23.91 39.84
94.06 98.01
90.32 27.13
32.16  8.92
28.34 37.38
27.38 86.84
 8.18 73.30
18.41 81.42
14.40 75.00
43.10 88.28
32.67  8.74
30.40 61.21
70.85 22.14
59.28 13.95
65.15 10.48
76.01 30.61
21.24 24.72
12.44 41.20
35.25 22.25
29.07 90.46
20.92 55.15
23.09 59.66
61.19 47.54
92.80 91.05
 3.76  6.98
18.22 69.31
31.62 11.21
 8.97 39.67
93.42 91.25
28.19 54.50
39.56 49.14
75.15 55.14
 3.98 20.96
97.20 49.00
75.06 31.71
96.96 35.67
51.26 78.40
 1.15 21.33
17.92 51.75
22.98 83.09
57.22  2.10
35.95  4.75
57.13 89.06
50.99 30.65
 5.94 36.35
58.98 80.79
87.49 28.75
31.71 39.14
49.16 43.21
54.96 81.30
74.26 19.92
93.92 50.58
36.99 98.51
80.04 98.37
19.78 44.38
95.69 87.31
44.93  9.95
37.99 17.18
 9.60 27.12
69.07 66.92
 3.56  5.09
27.44 39.14
 6.21 65.68
57.73 85.70
19.00 33.21
48.25 40.17
27.67 64.29
81.23 79.91
97.83 80.58
81.28 53.74
78.28 27.18
82.44 52.87
 0.17 63.27
52.12 33.95
12.40  7.90
39.05 24.36
85.84 99.99
43.76 77.22
34.01 51.74
23.46 27.49
74.61 77.34
44.34 80.29
69.82  4.26
69.21 26.83
43.73 94.78
85.82 79.68
67.68 52.59
32.27 38.12
22.32 46.80
51.85 88.48
38.06 36.98
82.45 35.19
89.94 88.87
67.12 95.14
86.16 70.59
33.10 40.61
55.30 95.08
88.64 98.19
24.66 80.09
56.04 97.19
20.97 82.88
50.28 51.14
63.97 79.29
56.54  1.37
83.52 27.64
10.37 74.95
99.87 85.74
79.43 96.73
83.47 89.42
34.67 76.50
99.66 42.73
93.29 93.08
70.36 95.49
74.71 71.21
36.87 64.68
99.03 73.64
15.08 12.03
 1.17 18.88
15.14  6.23
29.10 24.22
61.82 73.98
12.20 57.25
18.54 51.74
52.48 65.15
40.94 26.68
79.32 14.38
19.39 32.83
43.30 19.36
33.23 87.16
 4.87 56.63
72.37 69.85
11.95 72.33
45.17 99.80
49.00 38.93
 2.70 33.94
18.24 67.37
77.65 51.22
11.63 14.02
25.91  9.69
79.23 32.32
77.47 54.24
53.84 30.47
82.15 77.44
21.43 44.44
41.86 31.12
75.79 34.08
33.39 86.15
70.62 89.51
16.04 33.52
 1.44 29.26
39.74 31.24
89.36 40.46
98.90 42.17
66.66 17.22
76.59 87.74
91.77 35.81
80.72 90.40
10.71 19.89
37.81 36.94
25.05  6.58
71.07 42.41
86.58 51.43
 8.75 73.46
31.69 72.26
43.69 20.99
16.96 71.00
34.40 38.67
55.42 67.20
17.05 39.26
 6.00 64.65
74.79 20.78
76.42 33.31
 6.62 10.17
18.71  9.34
 2.69 20.35
26.12  3.01
10.32 39.95
15.26 71.72
29.96 57.29
62.70 87.86
11.05 14.09
 1.62  1.30
56.48 85.46
71.97 97.56
17.36 29.12
11.95 71.41
57.91 58.89
64.81  5.06
60.39 16.46
79.84 67.77
25.38  5.80
89.77 60.47
46.01 29.62
 6.10 40.27
54.20 97.41
74.99 31.31
38.80 10.12
 2.60 15.72
79.07 80.92
21.64 70.41
48.33 19.27
24.47 62.47
13.30 58.83
86.93 67.06
78.39 83.26
50.25  2.10
12.68 50.61
18.95 33.68
13.14 47.05
78.04 37.72
51.40 32.52
34.41 52.41
96.07 46.86
81.95 62.66
89.75 37.88
 2.11 36.20
49.31 34.31
24.29 85.44
19.61  7.78
 9.38 39.80
72.53 28.47
98.23 54.30
76.20 67.14
98.68 59.88
14.23 24.52
 2.56 55.23
24.89 38.34
77.50 83.91
95.56 90.70
18.39 68.44
36.83 60.17
69.13 96.85
19.95 27.68
77.60 42.04
44.24 38.13
12.71 22.66
37.06 21.88
44.59 14.38
15.07  6.99
78.19 72.75
47.94 32.64
52.88  5.29
35.79 82.23
58.98 70.37
10.88 33.36
 8.91 63.41
 8.99 12.49
83.79 54.19
56.32 18.08
21.98 78.96
51.37 72.21
28.56 17.62
90.56 29.97
 2.36  9.47
96.82 59.94
97.16 43.40
98.88 95.67
98.37 81.82
69.61 93.34
68.84 79.98
76.74 52.81
29.32 15.22
77.65 31.88
74.52 70.23
54.19 36.94
21.24 71.94
96.00 46.57
50.64 12.56
46.63 72.78
51.03 59.41
77.26 76.32
20.09 84.66
67.16 48.87
17.79 37.37
90.90 30.32
54.98 95.01
27.28 38.91
73.80 12.86
48.20 24.57
78.10 48.08
94.89 84.82
21.80 31.38
83.31 66.81
67.05 64.95
34.46 43.49
30.87 65.56
58.74 80.54
39.53 41.65
48.62 50.40
 2.40 41.99
 9.14 57.93
64.49 92.01
94.70 29.25
55.38 29.28
76.43 18.06
56.36 26.68
93.81 71.88
72.46 35.27
75.76 79.19
77.29 83.84
28.32 91.28
 4.10 22.44
86.74 86.34
82.80 47.20
33.54 21.85
77.34 78.38
30.19  6.71
32.25 52.59
82.20 74.40
 5.59 44.56
51.19 65.58
88.38 27.40
88.38 31.61
76.07 55.37
12.44 32.70
95.62 82.36
83.94 90.56
76.38 23.55
24.62  0.35
43.37 60.13
39.94 97.81
17.40 57.24
66.67 17.29
44.74 47.19
82.76 52.19
75.53 10.03
86.32 35.31
88.94 95.77
33.45 92.35
92.25 30.21
82.49 71.09
75.71 95.76
60.67  4.83
30.49 64.52
49.96 80.80
87.59 38.79
45.13  8.24
 6.19 43.25
50.79 33.79
 3.45  2.45
50.64 37.32
80.43 22.85
40.14  4.38
91.53 86.11
21.60 58.71
41.72 92.74
57.16 20.25
36.39 52.04
34.21 56.85
64.92  8.06
99.39 94.12
 1.74 62.23
45.02 34.00
22.82 46.78
 1.24 30.85
37.12 61.21
88.79 26.13
22.94  3.76
19.12 67.57
79.26 87.21
53.82 13.38
34.70 37.99
52.44 95.17
63.97 15.66
69.75 44.29
35.15 69.98
 0.02 65.30
14.40 51.04
64.04 99.97
99.02 64.13
20.07 29.79
48.56 47.33
47.01 76.00
27.23  9.13
15.45 34.03
13.21 23.75
88.84 69.37
26.75 28.29
63.41 60.35
29.93 82.67
36.98 26.08
96.07 32.29
18.28 44.39
59.14  0.76
20.74 33.78
74.18 52.04
49.33 48.08
53.22 72.59
69.49 64.11
92.59 67.60
37.21 87.02
64.45 38.82
59.01 41.48
75.60 84.98
53.12 87.35
84.84 59.64
82.97 79.50
64.78 96.21
63.20 43.20
 9.75 38.40
24.19 60.11
 8.91 64.23
75.76 72.97
18.12 33.30
28.57 22.24
79.26 16.18
69.96  9.51
96.91 45.91
11.43 59.45
87.67 55.02
30.50 80.37
43.51 81.58
56.82 31.16
 7.60 54.91
35.31 45.81
