1000
61.29 36.69
87.92 79.44
68.15 43.56
35.18 48.05
36.47 16.65
49.65 30.90
40.76 60.37
15.23 19.07
77.43 84.57
47.29 39.69
95.08 94.82
18.00 21.71
94.30 71.18
97.13 91.60
 7.46 12.90
83.65 58.85
68.07 55.12
93.36 95.40
23.18 37.02
43.78 23.10
62.57 48.00
59.10 52.23
47.26 53.32
42.09 55.04
19.80 34.86
24.45 35.21
58.49 51.12
48.98 50.55
 7.68 17.26
36.37 15.03
73.00 75.30
41.87 52.43
76.99 64.53
65.42 46.29
57.12 58.87
97.35 76.03
51.79 35.72
75.89 87.93
31.15 23.05
 8.03 25.48
23.77 49.07
34.90 48.32
34.93 54.73
55.28 55.94
66.64 62.86
80.01 77.91
 3.68 15.94
12.50 15.40
79.01 55.44
43.86 21.98
88.87 88.30
47.35 63.66
 8.81 23.31
28.15 31.05
 1.23 15.20
15.37 28.71
14.36 36.43
71.21 55.35
 3.54 14.44
24.86 25.00
13.77  2.55
86.84 77.94
38.48 22.19
44.27 52.06
60.20 66.81
14.91 27.22
18.75 12.49
44.11 41.07
23.38 23.28
40.13 30.68
68.38 54.31
47.06 54.78
 3.94  7.69
68.40 67.79
56.95 79.17
57.95 51.42
57.78 77.50
48.90 56.78
46.75 35.86
15.02 40.32
24.87 10.54
89.00 87.90
73.70 59.75
12.52 38.61
88.62 98.82
69.57 71.21
52.50 67.71
38.93 43.96
36.27 55.36
18.91 21.72
29.37 14.96
 6.96 24.00
 8.31 29.93
38.21 43.41
93.56 70.06
43.85 44.68
25.98 17.72
88.69 62.54
48.21 22.33
78.29 94.47
36.01 38.41
68.10 81.38
81.79 75.44
53.13 52.27
56.57 67.82
92.68 93.53
51.52 62.68
63.14 68.92
35.18 49.54
21.44 12.17
80.02 79.93
20.17 17.57
82.03 85.54
14.12  1.43
26.14  9.39
20.66 26.39
17.34 28.05
17.45 31.59
21.65 35.82
71.67 62.20
64.85 45.43
25.92 35.26
36.27 59.59
20.93 41.12
94.64 87.78
57.39 66.97
47.67 25.20
53.58 72.76
62.01 78.78
61.10 50.90
48.24 21.65
76.58 69.83
64.51 48.97
17.00  5.72
48.95 42.46
83.06 85.03
18.45 20.83
27.16 53.54
31.65 38.28
63.50 67.32
28.16  3.03
 1.33 21.73
81.14 93.98
47.41 33.20
92.89 86.47
12.69  0.12
97.74 80.86
62.00 71.71
35.34 48.83
15.80 18.74
63.76 76.98
24.14 12.77
92.95 76.38
11.81  2.13
49.39 59.54
58.24 68.73
50.55 69.94
70.17 59.68
52.82 66.01
 0.17 20.00
13.25 21.21
56.45 73.99
46.16 38.14
13.03 16.57
73.63 73.72
45.19 63.34
22.55  2.80
60.98 78.11
35.16 17.86
84.45 78.39
85.47 93.29
73.12 85.75
42.78 36.97
91.07 78.06
59.44 52.05
62.46 88.33
85.58 78.39
76.01 53.01
80.13 63.49
20.52  3.19
64.65 49.41
19.74 45.51
64.92 66.39
49.52 51.08
84.85 72.83
73.29 60.62
80.25 90.04
25.43 22.47
61.83 64.95
29.77 43.45
98.87 88.19
23.33  2.75
12.01 21.26
24.15  0.84
89.28 73.78
12.56  4.70
60.71 47.76
31.20 14.67
38.45 44.89
36.73 30.77
27.22 23.82
68.08 91.16
13.21  9.78
10.08  0.90
53.07 61.14
38.01 63.51
96.82 90.91
19.16 23.01
69.42 56.55
 1.83 13.53
26.44 15.76
43.61 33.32
32.92 14.32
72.49 91.64
87.83 82.62
 0.19 23.63
64.36 40.22
74.92 97.21
87.51 69.95
95.42 69.73
41.80 28.06
82.28 91.25
49.35 43.72
46.01 67.69
55.44 30.68
19.98 24.73
53.23 47.76
52.15 47.33
72.32 97.88
77.48 91.32
32.33 39.12
80.62 68.32
63.79 43.76
94.39 97.48
54.54 32.23
24.83 11.06
22.91 19.81
78.99 62.85
67.12 50.98
64.49 37.61
21.90 15.08
69.85 52.39
21.01 23.58
 7.22 17.10
28.51 39.19
27.90 17.56
58.64 54.55
58.63 47.95
67.87 53.79
98.04 86.98
 0.86  4.66
33.42 58.77
58.10 33.84
32.11 38.89
46.85 39.69
72.37 51.02
98.74 81.55
15.98 41.98
73.76 86.35
44.36 55.54
28.59 21.51
48.60 58.80
58.15 33.72
32.10  6.99
74.74 71.13
 5.89 15.72
27.36 54.35
64.79 62.37
36.55 13.34
16.91 10.49
53.00 64.76
63.15 37.38
26.27 40.70
23.25 48.51
23.18 11.34
38.45 16.15
32.23 18.18
64.73 81.24
58.98 35.59
34.79 54.84
46.66 59.75
 0.39  3.47
63.69 44.38
16.36  1.83
31.42 41.42
51.78 35.34
40.32 55.88
13.41 28.39
33.69 45.95
19.19 44.40
66.75 82.68
85.83 96.57
70.59 80.01
55.58 47.62
91.90 69.13
52.02 60.36
88.59 72.91
41.27 20.42
78.28 96.38
40.32 29.31
56.23 29.77
71.19 93.89
92.03 98.42
34.02 42.50
91.56 88.84
32.09 20.30
22.99 36.91
12.16  5.96
93.22 84.63
19.17  9.46
16.86 43.65
39.17 34.52
77.52 83.83
71.17 89.13
28.44 43.66
44.89 52.32
38.07 20.55
20.65 31.87
79.62 97.52
 9.67 28.61
60.62 71.79
35.34 47.60
28.13 23.37
19.99 32.60
12.78  7.94
74.60 71.10
46.46 68.58
25.51 52.13
47.00 31.36
40.24 62.08
40.03 49.06
53.65 29.29
35.68 14.03
38.76 27.42
84.83 69.51
19.58 11.18
33.61 45.83
35.66 41.06
50.83 70.01
55.46 40.87
24.26  2.64
31.14 30.33
63.40 37.05
63.88 78.70
 4.95  6.42
94.41 98.40
69.46 65.86
77.41 70.96
37.51 44.70
23.32  8.20
44.29 37.04
39.39 52.67
24.54 12.56
20.81 23.87
68.66 79.27
10.50  9.56
91.19 85.67
47.08 40.48
73.71 75.22
 5.82  2.87
67.67 69.26
46.31 52.77
35.50 35.63
70.11 63.45
 1.87 26.47
34.94 43.20
50.23 57.07
96.63 72.21
46.49 35.67
44.22 65.29
74.24 53.74
 9.14  4.41
18.02 29.95
62.59 65.75
22.52  4.60
78.73 77.86
92.71 85.43
67.03 47.61
71.17 93.36
92.69 85.60
78.38 81.82
78.08 67.58
15.11 12.76
 2.46 26.09
51.60 56.99
80.96 66.63
69.12 80.38
66.07 75.53
43.58 24.67
45.53 54.18
 8.96 35.46
43.83 19.19
91.02 74.51
23.38 31.51
56.00 48.99
20.44 18.29
74.05 78.38
39.17 58.92
63.15 51.68
63.05 58.48
62.73 73.99
34.34 54.99
85.70 76.74
13.18 28.97
81.58 82.12
39.56 44.34
78.42 82.73
26.25 50.52
89.79 69.52
 2.96  4.63
45.40 36.11
50.58 28.42
 9.69 34.49
86.13 94.79
94.59 89.62
 2.65 29.42
34.86 23.72
62.55 67.05
 9.87 28.30
97.67 95.00
81.45 93.00
45.79 64.80
 9.09 20.35
98.80 85.92
13.25 10.79
60.09 77.88
49.91 46.99
72.53 99.33
46.55 46.32
39.65 39.57
54.63 37.00
86.97 88.94
49.16 49.03
77.93 62.91
75.93 86.41
98.92 98.50
61.41 61.40
43.71 36.45
55.70 57.03
73.81 85.60
96.58 80.41
33.92 46.46
72.15 86.99
77.72 52.87
14.53  0.17
71.92 45.63
21.27 32.59
28.86  3.59
30.98  7.56
50.30 72.60
80.57 96.57
91.60 83.99
24.53 36.19
60.93 57.28
86.79 70.69
39.87 37.17
16.74 18.02
46.27 28.31
55.59 49.62
30.89 40.46
89.01 80.50
23.31 22.07
46.67 56.22
73.24 76.07
72.51 70.31
87.36 94.56
93.88 98.51
14.28 12.84
67.78 63.37
37.55 30.29
50.78 60.96
62.43 51.49
10.92 23.07
72.33 63.79
18.98 36.80
61.84 65.09
58.63 75.04
12.25 15.48
50.87 35.35
51.39 60.65
42.04 35.76
92.87 78.61
60.99 73.14
22.93 13.69
42.06 21.61
78.43 87.18
30.66 11.67
98.56 83.47
 2.82 19.06
79.17 91.60
82.87 91.12
77.21 82.68
53.14 64.62
10.32 34.21
73.72 98.25
29.74 11.15
12.63 25.91
42.98 34.29
36.74 46.84
72.52 69.35
57.01 50.33
72.66 81.11
65.71 48.11
89.66 88.10
41.29 66.26
51.81 57.29
71.79 86.23
 7.75 25.48
50.21 58.79
55.19 42.87
25.03 15.31
61.25 40.88
73.69 98.60
44.68 58.50
62.55 45.24
32.31 50.59
31.88  9.68
64.65 47.17
96.54 93.23
10.13  0.67
26.43 19.09
61.02 81.68
77.74 82.74
20.27 28.23
98.07 78.72
18.95 14.62
91.56 91.61
94.65 89.22
86.57 76.31
51.67 26.05
 7.04 25.51
26.66 53.23
86.40 89.59
 3.35 11.24
29.11 39.66
 6.92 30.68
22.84 35.70
76.43 83.30
20.24  3.16
51.06 40.91
12.86 29.96
28.34 39.96
70.06 75.09
41.26 15.25
59.87 58.69
38.45 48.28
26.44 32.06
36.86 20.02
56.71 59.47
28.66 28.97
41.10 52.87
54.58 32.73
 6.97 27.61
83.13 74.74
62.38 37.21
80.49 60.58
65.98 92.96
30.55 53.82
99.16 72.44
51.30 70.98
60.17 57.76
31.47  9.63
19.67  8.98
24.34 16.51
89.77 71.10
72.35 83.19
90.32 99.61
 6.24 14.46
46.13 29.70
66.99 80.20
29.70 48.26
85.65 62.88
96.57 95.20
47.33 32.13
36.91 53.47
41.46 22.59
73.64 63.82
22.22 12.73
65.23 79.60
34.32 12.88
64.69 46.39
42.37 56.09
37.16 43.77
57.94 42.81
30.21  4.99
60.37 86.39
52.84 70.36
59.44 84.04
41.27 54.05
67.82 63.94
81.55 61.59
 6.68 33.04
40.80 38.06
95.97 75.66
 5.86 13.57
21.35 18.49
64.72 73.85
90.77 96.13
78.17 99.10
77.51 88.69
86.75 72.39
78.77 91.84
55.50 49.34
40.16 19.83
41.20 34.24
 7.60 27.53
58.49 83.14
90.56 72.64
57.21 41.82
54.71 61.31
64.29 76.16
52.16 55.34
70.96 89.88
90.55 92.48
85.48 82.97
11.06 22.97
18.36 40.54
96.52 88.41
39.91 19.51
60.35 62.58
52.58 73.38
23.73 39.93
88.80 65.42
 7.13 29.07
85.08 96.12
26.23 36.98
16.95 11.03
59.36 56.57
31.27  7.56
58.73 44.83
 0.67 19.67
38.93 19.97
74.99 71.62
78.78 56.75
24.97 33.47
53.41 48.18
78.28 86.03
64.03 70.85
41.63 42.21
98.76 88.13
60.18 60.52
60.13 84.89
31.39 26.47
83.57 83.69
 7.83 19.20
85.39 64.92
70.79 83.48
68.03 56.86
97.32 73.82
50.65 32.63
66.77 88.54
77.12 84.64
35.65 36.67
42.69 45.91
49.83 36.26
51.16 56.43
24.48 16.92
24.04 36.19
71.87 78.79
47.32 62.62
73.49 90.66
34.98 31.40
99.64 84.26
50.27 62.85
76.34 81.47
49.02 65.31
10.33 19.82
57.03 80.42
53.49 56.48
70.47 62.72
81.66 54.68
25.48 25.66
 8.41 19.30
76.13 54.96
33.70 55.85
35.04 10.18
25.51 29.05
71.26 73.64
14.61 13.71
68.20 83.92
60.02 47.04
92.45 91.87
71.08 76.75
97.19 87.54
31.41 25.03
73.95 95.83
55.96 78.59
62.68 48.23
26.27 18.03
24.66 48.53
42.03 67.48
73.31 65.59
17.11 12.26
57.90 72.71
59.66 55.24
 7.55  2.36
43.44 49.61
44.69 46.72
80.79 73.85
13.30 12.76
43.48 37.07
37.94 62.10
59.27 56.07
32.44 38.67
85.26 85.12
15.92 30.10
85.10 93.34
30.99  9.61
72.64 73.36
37.27 61.61
23.02 49.89
90.62 75.62
 5.59 21.62
57.23 49.29
89.10 89.70
74.01 66.80
66.83 60.74
34.74 56.42
20.81  5.04
37.15 13.37
13.76 12.83
55.80 71.30
27.04 11.60
91.68 77.88
26.10  6.38
53.06 79.47
32.95 39.62
45.05 54.08
24.68 49.46
58.77 36.21
26.61 47.08
88.70 83.20
67.71 78.78
52.33 72.98
46.70 70.51
 6.67  2.35
70.84 75.64
66.02 90.50
 2.26  2.25
41.51 25.40
50.39 72.75
62.11 61.26
46.90 63.22
43.81 44.21
45.98 54.47
49.47 49.99
33.71 52.42
93.94 86.45
71.68 92.20
65.93 54.11
43.11 19.71
94.45 84.36
17.94 14.40
54.03 32.80
45.73 72.56
80.14 82.13
17.60 10.41
75.93 73.54
33.97 25.14
15.98 32.20
56.37 35.03
50.02 29.41
29.58 16.98
62.90 76.03
46.29 62.23
39.68 53.70
29.08  9.25
96.44 94.21
26.53 35.84
68.82 63.93
13.75 17.61
99.26 99.41
67.78 63.69
33.20 47.83
96.15 94.90
 3.28 20.35
93.31 68.61
40.41 24.70
86.93 95.55
53.15 54.57
38.71 40.74
48.50 31.95
71.30 94.32
60.37 42.52
17.43  9.17
 1.92  3.01
70.09 90.64
41.47 66.52
58.98 65.68
73.92 57.80
24.85 31.76
64.46 82.91
71.96 98.71
 1.91  1.50
82.24 62.25
64.24 83.22
22.62 26.99
 1.34 26.60
40.87 23.31
81.67 57.15
40.54 18.70
28.73 16.64
86.54 90.15
56.32 75.48
17.69  2.46
64.16 52.06
10.71 17.26
37.50 32.45
87.61 84.42
92.75 76.52
81.38 98.31
68.68 53.19
27.18  5.68
60.44 60.19
98.62 80.03
33.51 44.71
28.20  2.94
66.90 62.83
55.04 69.73
68.36 42.09
36.07 38.14
 3.57 15.17
58.50 49.00
29.03 17.20
94.91 78.70
69.77 79.39
80.35 77.89
23.97 40.95
78.12 79.74
18.51 10.70
47.90 48.48
45.82 62.40
95.59 96.77
50.02 36.31
44.69 69.80
31.02 10.28
10.48 29.46
21.74  4.97
32.03 48.51
35.21 48.10
27.53 51.83
36.25 26.32
85.63 63.06
24.23 31.45
90.20 71.36
55.50 52.92
70.21 50.78
31.61 49.25
41.56 36.59
84.91 65.40
93.82 73.58
10.43  4.62
18.28 41.45
91.34 87.24
37.97 64.84
89.92 65.69
56.02 70.30
61.15 58.67
56.60 69.57
 7.66  4.73
93.10 90.22
12.33 18.34
64.06 62.50
88.17 99.94
79.18 86.23
37.92 33.85
69.99 58.40
80.11 62.25
66.19 57.45
 4.65 18.87
52.68 38.54
97.60 77.82
22.86 47.77
12.24 17.39
34.29 26.65
16.52  8.56
51.23 26.35
23.20  2.51
68.95 61.50
78.19 53.72
63.80 90.62
58.11 51.00
64.80 47.04
41.51 35.43
86.92 66.08
19.00  5.81
 9.61 35.24
38.96 63.44
33.15 49.91
24.86 13.44
13.75 19.78
42.91 69.55
78.87 76.25
98.35 79.73
33.83 55.46
86.34 78.25
99.40 79.78
20.25 20.94
63.66 40.55
14.22 33.94
88.61 94.10
96.83 70.40
50.38 63.21
91.83 86.88
87.11 93.73
57.22 31.43
23.69 34.15
16.73 35.16
87.04 95.92
25.91 22.45
92.34 84.97
75.59 68.18
 2.75 15.95
 1.98  9.25
85.51 83.82
47.88 50.83
28.29  5.01
74.72 71.98
73.45 69.32
44.91 33.12
26.80  3.67
63.15 62.63
30.95 12.06
87.64 88.75
19.48 11.87
13.77 25.24
26.87  2.29
38.64 12.39
77.31 82.20
37.95 13.82
 4.52 16.87
99.46 90.38
62.70 88.30
25.35 15.22
24.72  5.89
 5.99 20.90
42.73 21.70
77.81 80.54
39.90 57.58
67.27 60.71
74.51 59.85
 9.08  5.79
 6.01 30.16
94.03 90.78
71.15 46.63
74.64 72.32
78.05 72.91
59.16 80.96
80.19 76.24
32.93 17.30
39.10 26.13
12.61 33.99
12.88 18.66
91.54 68.45
24.14 29.33
70.19 55.57
 8.47 26.27
48.38 44.37
54.07 71.31
79.84 57.30
76.01 83.79
73.59 88.24
15.30  8.33
79.27 75.42
85.97 70.39
28.61 31.32
75.81 53.91
97.84 82.33
20.24 23.63
69.47 83.42
26.40 39.08
18.42 42.51
36.42 34.48
71.79 88.51
30.10 50.71
94.56 98.69
59.90 45.92
95.64 72.38
48.75 48.00
 9.19 16.64
15.50 31.08
62.22 70.00
81.63 98.13
61.64 36.44
49.59 57.33
62.18 53.53
68.99 88.25
77.81 63.17
62.49 56.31
52.04 45.22
14.70  2.03
 0.50 17.23
75.48 71.79
16.52 30.92
59.52 49.74
45.83 42.68
28.02 17.47
49.94 50.68
72.60 79.56
20.25 47.14
