1000
32.97  4.34
54.94 78.55
74.43 28.84
59.97 96.46
56.82 45.35
51.77 16.94
64.14 65.81
90.47 98.07
67.04 64.60
 6.43 57.91
54.73 86.70
35.70 14.94
49.63 86.22
39.77 98.11
94.96 33.05
98.19 86.08
16.27 89.01
48.25 89.86
39.49 84.96
45.56  4.52
 9.01 66.06
37.54 69.25
19.55 67.85
15.43 10.03
29.50 34.35
31.97 17.92
 6.14 47.73
20.70 87.19
 4.83 53.80
11.76  0.97
66.29 98.76
27.17 84.57
32.81 39.38
30.29 26.70
14.16 15.05
59.03  0.29
46.44 27.51
54.99 55.32
75.73 30.25
11.38 37.37
99.26 88.37
57.17 43.11
18.33  3.13
13.59 18.13
 1.12 59.53
48.12 46.19
44.36 24.98
92.70 61.10
27.58 13.20
22.39 23.90
12.37  5.66
31.41 66.40
84.93 59.06
22.18 75.26
28.01 99.13
 2.13 25.52
37.83 28.13
81.52 14.47
42.50 36.33
85.31 70.44
96.58 78.88
43.30 41.02
 6.69 43.61
47.88  3.36
17.38 16.41
68.10 88.59
55.34 38.26
66.34  3.23
90.05 17.86
69.71 42.96
37.89  9.18
27.45 88.24
75.39 12.77
18.92  3.87
69.65 10.46
29.36 24.23
 6.70 75.80
54.57 28.22
50.40 18.19
36.11  8.46
88.92 51.08
29.01 32.73
86.32 26.91
 9.27 25.14
12.47 42.35
93.37 53.09
55.31 91.02
51.68 64.90
48.97 71.18
97.61 53.63
76.05 48.51
50.71 23.42
11.04 26.63
39.99 56.41
76.52 99.92
 0.82 46.71
39.59  4.17
51.29 12.30
 9.27 53.35
18.50 69.71
28.42 59.12
39.87 67.33
27.36 88.35
36.90  3.24
 8.25 80.14
55.83 87.80
17.56 35.74
81.61 60.16
89.97 22.56
54.52 94.58
85.53 18.46
84.48 75.75
10.76 27.54
52.92 23.12
 1.31 49.23
88.21 69.68
35.21 93.41
75.84 69.59
43.22 34.87
30.51 17.39
38.85 58.46
83.17  5.09
22.75 94.29
74.29 47.04
41.47  0.60
54.36 40.66
34.27 57.42
67.28 55.04
63.68 58.74
81.69  3.36
49.04 75.66
73.49 37.97
51.81 33.09
90.03 40.50
65.52 40.93
17.29 71.38
53.36 27.18
57.60  3.34
34.84 80.16
20.76 27.22
28.04 53.04
59.49 74.34
 4.14 64.72
95.05 10.85
47.95 33.00
93.79 92.59
58.62 50.03
67.27 15.50
74.57 96.09
78.68  0.98
97.95 39.97
85.86 37.97
99.78 85.66
28.24 85.76
52.51 52.39
49.42 72.50
 3.65 65.45
24.42  3.93
30.71 47.62
46.78  1.50
12.59 36.13
89.76 70.10
79.19 31.86
37.94 51.44
64.13 74.98
39.26 44.77
59.66 82.97
37.60 53.85
93.80 98.72
19.53 64.49
48.73 19.17
70.80 33.16
67.12 57.42
44.56  2.57
91.55 33.13
 9.63 48.47
51.82 14.60
63.45 85.29
66.49 28.99
30.33 43.78
96.62 21.29
73.51 63.33
42.33 24.81
31.55 30.47
26.78 51.24
13.17 28.18
67.74 91.89
17.61  6.33
 6.17 67.67
73.51 29.82
84.87 75.71
40.34 29.88
50.02 58.64
93.64 65.34
66.78 97.63
15.00 71.38
89.27 84.61
46.75 24.69
27.58 19.62
12.75 17.21
93.30 66.04
81.46 99.40
43.67 65.31
85.09 13.45
56.14  1.70
56.16 82.80
54.57 29.61
94.02 95.69
38.37 48.87
92.62 16.17
82.83 76.73
 6.09 67.68
36.32 15.65
79.94 64.41
23.49 21.68
57.61 59.00
18.67 12.33
79.35 36.55
 6.33 13.73
14.35 13.41
31.11 84.20
16.74  2.20
26.02 92.41
29.36 33.69
19.61  1.09
69.23 65.76
49.64 36.37
64.49 10.44
68.24 19.80
41.26 69.16
34.16 50.24
48.67 70.18
53.59 80.99
24.00 26.07
 6.46 65.11
51.34 84.95
36.90 76.19
48.36 12.17
11.64 76.60
87.27 60.76
71.11 99.83
59.78 89.98
67.62 18.75
16.64 85.00
98.44 45.43
66.11 57.08
56.50 76.53
26.47  9.85
39.92 43.55
67.59 91.33
88.80 81.38
75.42 37.80
91.39 25.19
12.89 28.94
71.01 37.87
81.80 51.76
64.72 37.81
59.93 41.92
74.50 71.63
61.88 75.73
86.60 65.57
64.34  5.70
45.52  2.88
28.46 11.09
51.32 48.37
21.10  6.76
44.15 62.83
82.66 65.83
 3.80 83.82
53.73 51.36
37.27 60.71
70.50 70.63
50.01 13.23
79.14  2.13
99.83 78.16
30.69 53.92
53.42 38.41
76.07 86.63
97.54 14.56
29.59 30.78
78.08 89.44
50.54 93.68
34.33 32.22
65.13 45.59
81.69 65.15
22.31 97.39
47.91 53.19
22.94 96.54
45.15 98.18
53.40 26.21
28.49 41.27
84.47 61.95
49.29 53.92
 1.58 25.01
16.98 61.71
19.66 42.73
73.77 59.11
 9.64 41.82
11.48 49.37
44.82 33.07
98.39 69.68
34.91  7.69
74.02 31.14
90.06 32.60
33.00 30.00
82.19 68.03
82.95 42.73
 0.12 16.85
88.34 45.94
28.46 66.99
20.60 51.84
87.38 90.30
27.49 92.62
17.59 82.47
20.88 49.51
66.47 56.46
 5.02  4.61
59.52 58.69
26.77  0.27
26.37 52.66
 9.56 50.96
89.95 85.90
23.89 47.31
37.35 14.05
73.90 80.37
33.54 32.04
23.03 54.07
48.19 50.55
 7.05 32.83
66.84 40.10
61.91 25.71
 1.75 43.62
31.96 53.40
95.26 66.70
84.39 95.05
86.04 95.30
84.31 10.72
42.75 52.26
34.02 76.00
42.22 91.10
38.44 18.71
 2.31 81.31
67.93 85.00
71.04 70.57
79.05 83.03
11.06 12.60
57.22  5.47
14.70 34.33
29.70 45.80
94.33 33.02
90.05 24.05
42.76 55.03
82.59 81.76
69.93 16.81
35.12 98.45
37.10  1.01
47.96  7.02
15.93 52.01
54.91 26.22
53.91 26.18
55.99 97.46
83.08 29.92
80.14 71.45
38.64 27.33
99.29 78.22
76.60 80.11
70.28 72.11
83.51 20.90
99.86 37.70
40.92 73.29
88.29 94.52
46.85 45.41
20.80 40.23
55.86  7.82
12.11 23.42
98.22 52.82
20.19 59.87
92.97 41.33
90.23 76.34
14.23 12.12
62.08 34.54
86.76 28.69
24.25  8.99
26.03 12.24
57.95 44.48
47.05 79.64
27.38 34.97
11.42 17.50
11.00 51.91
76.03 55.29
64.52 17.25
31.99 98.69
74.88 99.87
56.17 81.11
27.10  1.88
39.01 35.47
19.02 57.23
44.02 65.95
33.61 54.76
10.25 61.74
13.25 14.41
38.54 81.75
75.60 31.27
34.73  4.71
 5.96 79.32
92.62 76.27
47.97 55.68
31.95 50.27
72.00 97.19
 1.73 62.78
12.41 12.03
78.18 52.80
49.38 18.96
34.44 54.71
43.14 51.80
13.46 95.78
66.87 73.17
66.42 90.71
19.89  1.18
88.69 53.96
41.38 26.31
18.83 38.11
94.32 79.96
67.17 23.89
10.58 51.92
10.02 50.20
86.74 14.23
98.94 44.51
95.79 33.63
62.01 93.43
39.36 62.01
26.71 89.68
79.71 63.58
21.54 24.04
40.74 79.94
14.48 67.47
52.54 49.19
 9.44 41.08
 4.56 66.08
51.46 74.41
33.92 67.36
94.43 30.76
92.96 35.44
 7.56 33.14
45.01 58.42
35.86 59.21
30.91 54.20
71.55 18.83
27.51 37.67
27.27 63.57
99.77 74.95
51.92 62.89
93.35 57.34
79.23 75.61
55.90 35.11
10.19 33.47
41.68 61.04
77.38 74.57
26.35 31.32
98.22 34.07
39.43  6.82
57.00 84.38
67.03  7.12
16.27 68.32
73.82 28.76
22.25 22.80
38.55  1.36
28.09 28.32
11.50 26.18
66.63 76.20
58.66 31.95
51.02 26.26
42.62 38.68
 7.81 66.25
74.10  5.85
33.40 88.07
40.06 70.69
22.99 52.22
83.64 11.21
72.14 20.23
36.83 14.25
 0.81 54.17
45.78 67.38
 5.98 21.40
46.33 77.91
 4.84 40.62
84.97 84.55
38.98 90.25
49.03 59.42
83.37 67.36
45.50 34.74
81.77 17.14
55.02 61.69
66.57 79.35
58.30 62.29
53.45 57.95
88.55 70.25
 5.37 85.90
17.02 86.25
60.86 37.31
89.01 51.75
11.11  0.95
81.51 74.49
49.32 14.58
85.85 94.22
44.27 80.42
40.09  6.26
 8.21 34.95
 7.66 45.67
97.49 15.89
58.86 95.88
61.12 39.37
73.89 68.97
48.57 45.99
87.55 26.02
46.19 91.20
50.32 98.60
10.32 77.91
10.95 26.79
 1.67  4.83
87.31  6.87
44.57 19.82
48.64 73.58
69.15 87.39
49.56  6.83
31.08 44.07
78.28 25.78
64.63  8.44
30.23 21.02
28.69 91.82
21.07 19.75
70.41 62.85
25.66 77.61
61.32 79.06
61.02 74.00
81.88 42.44
99.32 73.32
90.09 39.18
59.19 17.00
 9.49 94.94
94.07 70.64
25.19 81.23
67.79 32.68
82.09 79.09
16.30 22.16
95.07 77.85
48.49 72.28
43.82 19.88
41.23 22.89
85.76 10.08
56.96  0.91
55.94 79.89
24.99 15.28
73.65 21.52
19.17 48.19
61.06  4.92
68.04 61.52
28.22 27.85
 4.54 36.25
53.33 72.71
99.39 41.00
 5.89  0.15
96.05 65.39
25.50 71.96
41.24 26.62
90.53 90.10
67.89 48.30
31.28 65.44
69.69 43.36
62.16 93.77
 9.83 45.99
 8.71 14.71
91.08 56.58
62.87 80.98
67.92 76.89
81.86 58.12
61.66  7.15
45.07  3.32
 5.21 19.30
99.03 99.61
27.25 69.53
 6.40 46.62
97.89 88.43
73.82 38.94
85.68 44.88
81.62 88.79
27.00 47.63
51.41 12.41
43.56 71.76
49.10 44.78
76.55 67.72
 6.62 71.74
98.56 70.56
58.85 19.04
46.27 87.04
93.34 61.76
65.98 62.53
86.03 57.59
73.31 68.41
19.51 68.10
75.42 95.14
 2.61 61.80
32.54  3.25
42.69  8.06
34.11 42.73
89.45 90.28
75.05 68.23
86.90 15.06
38.04 46.79
26.80 82.07
72.16 83.44
90.63 70.17
79.17  2.13
27.93 27.64
95.44 75.62
33.92 69.26
77.42 25.43
31.03 47.51
47.54 25.22
37.99 68.21
 0.93 58.69
33.52 68.97
54.37 11.87
79.18 93.97
69.16 57.82
 2.75 76.09
92.23  9.24
36.88 99.06
58.79 26.38
97.24 15.25
14.60 81.78
27.95 20.51
98.50 68.22
14.01 82.12
67.11 60.43
46.72 40.37
29.46 22.60
26.18 62.79
66.16 27.60
76.23 65.85
47.99 56.86
10.35 67.04
67.53 69.81
19.18 37.27
 7.33 32.04
96.45 77.22
 3.81 38.26
92.10 91.65
22.54 52.20
89.93 23.58
41.85 53.48
80.84 88.90
83.91 53.32
16.27 14.78
29.99 37.04
25.32 89.60
86.47 61.42
 2.99 23.58
15.47 78.47
87.32 58.60
25.76 51.13
45.09 52.15
12.27 48.73
56.17 57.12
93.35 65.75
96.85 78.54
91.12 52.95
64.24 77.59
29.52 17.60
94.70 16.91
45.03 74.66
16.57 69.79
55.02 73.85
43.94  7.27
55.98  1.13
87.12  5.11
 9.19 46.66
95.54 87.79
51.65 35.53
97.93 26.07
67.19 49.28
98.27 92.27
94.32 95.06
76.96 32.78
95.82 49.79
36.14 58.79
88.64 66.54
85.06 64.62
34.38 52.88
51.37 31.44
29.64 40.69
13.70 46.20
54.52 66.68
 9.31 86.48
37.91 74.87
80.78 79.60
61.64 66.36
83.05 16.87
45.00 40.31
94.29 81.61
49.01 49.37
22.83 64.36
98.69 94.03
10.55 84.40
 5.65 87.85
28.04 97.22
55.49 78.85
87.49 40.48
 8.76 23.30
58.29 93.66
15.21 94.99
21.63 99.13
 2.88 15.59
 3.89  5.39
31.56  6.07
62.25 50.02
78.72 53.89
85.87 44.61
 1.64 38.91
16.14 62.31
17.25 60.76
71.07 58.14
97.13 12.10
91.65 82.38
56.83 72.06
68.62 27.31
50.59 80.96
82.67 92.07
74.92 55.36
20.89 59.30
51.22 18.43
59.38 70.50
49.30 37.28
14.14 16.39
36.33 60.37
15.63 47.40
78.87 46.29
11.82 63.15
86.99 31.81
20.70 83.54
98.78 41.67
57.12 98.53
49.37 36.14
37.01 64.68
20.71 91.56
 0.22 79.65
 7.04 33.09
94.81 49.63
65.52 83.56
80.75 37.12
23.40 53.45
59.85 69.93
32.38 99.66
35.81 28.22
58.71 98.49
90.60 39.03
66.49 64.19
10.33 73.01
41.19 50.28
58.03 92.28
45.31 78.13
17.86 71.58
38.29 75.42
92.74 45.41
 2.74 85.93
37.16  5.62
30.54 39.26
31.67 28.87
49.63 82.35
32.73 86.45
37.91 60.16
60.06 28.25
29.81 55.58
56.09 23.58
86.81 24.26
82.69 36.67
70.93 80.51
18.36 52.53
33.98 49.69
13.18  4.25
51.54 21.29
24.74 78.87
83.28 36.74
39.97 51.71
 7.28 75.82
26.57 66.69
40.98 64.89
13.28  0.59
42.15 96.60
77.73 23.80
55.58  1.43
98.56 60.82
93.94 52.00
78.74 13.75
79.50 67.40
59.08  7.89
26.79 50.08
54.04 54.85
71.67 66.16
62.36 76.60
88.52 32.99
35.73 50.65
32.19 17.44
53.88 95.95
75.55 64.16
20.80 32.52
23.62 55.67
93.89 72.97
27.48 85.54
86.65 44.78
19.70 79.92
91.15 91.59
 1.56 71.38
 2.50 34.14
86.71  6.66
61.80 17.69
13.34 58.57
88.95 30.13
60.32 49.96
95.17 63.06
42.42 19.44
42.73 86.04
96.64 75.20
44.39  3.04
68.51 55.85
56.68 19.40
 0.41  2.19
43.10 24.60
74.11 70.94
47.29 50.43
 1.62 86.59
86.48 82.01
17.54 13.37
25.28 17.73
52.49 33.92
23.22  8.05
53.21 81.75
29.95 68.04
24.41 91.28
76.02 96.02
60.37 92.45
26.64 35.97
88.76 90.89
19.31 63.42
90.81 81.54
36.03 26.26
85.59 51.56
95.40 31.48
61.88 33.33
23.52 86.56
19.77 79.61
42.42  6.35
 1.73  1.74
27.88 11.59
75.48 49.07
41.15 27.89
 0.37 18.64
48.95 51.23
 6.86 82.50
61.59 59.39
32.54 63.61
46.52  4.35
45.09 98.38
 4.52 28.18
24.18 67.75
60.31 38.83
88.82 90.56
51.57 95.42
85.65 75.57
30.69 42.24
30.75 87.55
63.89 92.46
54.10  8.00
 0.15 79.38
98.16 77.65
 9.11 72.90
39.50 70.54
51.42 28.84
99.34 81.73
65.44 74.37
24.03 44.60
81.68 27.61
84.13 51.89
 1.01  2.20
10.66 89.08
44.35 96.39
93.10 80.56
48.73 39.37
46.57 28.39
12.45  5.27
89.50 99.38
93.91 89.35
89.45 97.10
26.47 15.48
48.43 78.20
 3.67 42.15
32.42 24.06
12.88  5.36
57.50 23.88
95.22 65.53
40.94 29.28
98.12 64.66
74.50 88.50
84.02 76.09
97.33 20.39
88.58 99.45
76.17 62.07
61.08 67.67
27.19 39.47
93.84 96.87
 1.46 53.48
35.74  2.42
77.61 38.63
 6.73 66.44
81.06 54.60
88.27  5.88
78.70 20.52
41.94 84.27
87.18 62.43
89.60 37.91
15.89 46.48
65.53 49.39
80.84 20.22
81.55 33.78
79.01 50.83
68.47 64.88
 8.36 91.67
20.14 75.09
78.94 99.70
48.93  0.29
54.47 77.03
 2.01  2.28
29.38 97.89
 7.65  2.88
18.68 70.39
47.52 74.31
70.73 51.45
46.83 95.80
 5.95  0.03
58.38 53.13
 8.01  0.91
90.38 99.81
13.40 90.33
 2.41 40.54
45.23 49.98
10.67 41.83
50.44 32.60
 3.58 23.39
25.37 28.46
55.68 68.25
51.50 55.11
31.76 89.24
26.41 43.93
18.88 64.13
27.63 37.72
93.05 59.39
21.92 97.13
84.08 90.12
56.07 25.59
19.08 48.36
87.46 58.08
 7.55 88.32
25.50 57.95
41.70 99.99
23.00 26.35
70.43 75.57
38.50 43.07
18.09 68.97
66.07 27.46
46.08 37.88
22.71 78.50
40.34 13.72
90.03 29.99
78.80 63.48
17.37 36.94
23.75 41.49
17.82  2.71
63.24  3.59
82.88 12.34
18.31 99.85
32.74 69.96
47.06 29.54
27.66 48.34
29.16 40.15
34.54 64.54
53.34 63.12
58.83 51.61
63.33 87.88
71.78 22.32
33.61 93.02
40.88 26.57
42.57 42.56
79.68 10.32
17.96 53.97
90.17 54.43
35.15 95.40
66.04 31.16
23.95 38.20
42.05 79.87
62.90 96.99
