1000
21.13 20.81
9.09 79.17
39.71 48.56
10.45 42.5
56.03 50.56
4.01 38.88
34.29 96.31
10.88 26.66
19.47 42.51
0.75 65.29
19.49 80.91
4.57 57.48
0.72 51.54
43.34 10.93
81.83 33.79
33.65 84.61
3.30 86.6
52.70 75.13
36.23 87.2
52.18 0.549999999999997
22.65 36.34
88.70 50.81
4.61 36.16
32.78 38.25
78.26 53.81
69.54 51.97
86.07 62.74
72.49 36.53
53.95 24.17
23.56 78.71
64.85 58.26
43.20 32.45
95.39 51.42
56.90 89.98
49.27 48.55
37.91 41.85
82.33 23.51
68.07 59.31
87.27 47.79
2.28 76.37
82.95 18.81
93.72 52.18
50.99 31.76
1.06 49.37
77.17 62.34
88.54 56.51
44.24 9.53
11.21 83.82
98.05 36.47
19.03 67.79
29.48 89.88
44.70 31.75
42.93 99.72
45.95 38.82
63.92 24.7
17.63 91.39
79.04 47.9
80.89 56
39.11 98.38
26.79 15.42
11.73 60.17
41.12 44.94
15.22 49.34
42.93 64.6
82.32 57.71
49.57 24.25
95.04 56.21
26.02 80.53
42.91 58.85
9.96 46.93
70.44 34.89
77.60 73.5
16.69 51.53
72.51 74.8
28.44 56.62
40.88 22.38
42.58 7.48999999999999
45.55 21.96
18.84 61.52
13.88 73.77
9.79 69.79
43.52 88.53
33.84 60.51
85.30 51.58
49.22 58.43
52.42 59.39
68.23 32.52
51.56 39.67
84.98 21.44
90.01 62.1
73.80 38.97
22.22 28.01
94.93 36.25
19.84 50.26
19.61 33.88
52.47 69.07
49.69 58.93
92.52 7.05
48.49 36.11
82.29 29.22
70.27 43.47
44.27 79.05
63.81 8.18000000000001
64.97 83.57
22.42 44.75
32.50 75.21
62.47 31.7
66.35 64.79
8.59 89.83
34.17 58.52
50.92 93.56
50.86 14.88
12.12 92.24
14.31 22.23
13.46 35.8
86.05 43.87
42.54 22.74
93.70 15.65
60.32 92.75
74.33 11.37
91.25 58.1
49.19 1.45999999999999
89.66 19.77
42.58 31.14
88.22 75.09
69.09 1.02
35.77 50.62
57.24 50.39
50.57 56.56
81.78 72.25
22.77 92.49
78.28 87.28
92.01 16.45
13.22 53.28
4.51 76.49
10.62 31.9
56.82 75.37
66.15 83.34
53.24 73.19
57.54 54.92
19.32 80.77
25.15 24.31
8.34 58.49
11.35 93.21
30.21 34.27
96.83 12.65
17.26 93.76
74.68 58.99
36.25 13.83
28.61 53.1
63.66 5.27
30.72 81.47
64.20 99.68
50.94 42.91
84.34 12.56
81.07 17.29
25.11 28.19
19.25 78.8
37.02 34.72
57.31 64.9
4.10 46.83
42.17 16.43
78.40 28.9
23.50 37.85
7.98 40.36
99.37 5.86
0.21 68.53
65.69 53.72
9.76 62.64
85.98 69.03
83.78 78.28
84.10 26.96
87.96 51.01
77.79 34.11
31.16 44.22
81.10 71.81
58.58 77.49
77.60 75.95
75.79 52.18
15.61 94.82
26.45 29.93
64.17 16.84
32.50 63.83
37.23 13.42
60.01 19.45
65.43 12.79
60.46 19.32
61.59 44.78
36.54 96.79
50.53 17.22
29.34 82.21
3.94 76.44
48.88 86.19
8.86 71.48
9.20 92.36
26.85 54.67
39.15 49
25.23 12.15
30.62 38.16
90.45 38.22
32.03 43.75
35.10 4.86
79.47 31.13
27.74 44.86
18.73 72.49
53.27 5.58
45.07 12.62
76.00 88.75
56.93 46
20.86 76.01
78.41 9.8
42.54 10.13
13.23 37.72
94.00 2.33
4.38 91.8
83.59 18.99
63.64 37.87
26.37 79
83.79 16.21
39.35 0.25
20.32 87.07
72.47 0.819999999999993
42.54 24.23
3.22 97.55
24.15 73.21
27.74 15.3
84.55 68.9
97.98 67.69
62.09 35.36
63.11 38.49
11.50 70.76
55.97 48.71
76.23 75.87
45.20 55.2
5.08 48.9
11.56 43.49
93.73 62.32
77.07 42.45
48.06 77.73
49.88 90.93
59.81 91.69
32.82 78.27
73.26 7.91
54.12 20.96
45.22 27.43
95.31 13.9
4.35 75.25
98.97 45.81
70.34 2
46.31 95.23
73.91 72.29
74.33 46.53
71.81 81.13
60.19 17.78
34.47 17.31
15.66 22.03
39.42 91.4
56.77 49.38
58.91 26.51
78.92 22.47
46.36 71.26
95.29 58.85
1.42 79.88
48.97 17.52
47.94 58.35
54.98 32.33
83.88 11
94.67 20.03
25.01 33.93
73.78 37.43
43.57 31.42
11.56 32.02
17.74 24.14
61.70 50.03
38.72 38.51
27.64 38.26
12.37 89.66
29.28 39.26
30.82 7.22
54.17 49.54
51.11 76.91
4.15 90.74
58.59 28.56
15.93 37.38
44.17 79.6
2.71 84.61
30.03 68.58
78.77 44.59
29.03 47.85
57.40 25.79
58.12 42.67
34.51 61.66
59.05 46.6
79.44 43.73
97.40 32.26
75.03 55.32
47.91 69.51
81.21 40.22
78.84 9.59999999999999
51.82 41.22
49.28 94.81
31.84 29.58
63.04 22.17
18.50 71.4
88.28 3.37
9.78 86.88
50.48 33.54
98.28 11.67
94.11 46.82
40.68 13.26
5.62 81.87
45.20 81.61
9.90 24.7
20.24 81.68
99.34 52.62
18.05 59.98
70.61 69.41
69.76 38.96
22.73 64.27
57.26 56.64
59.39 58.16
45.06 66.79
75.97 71.26
90.85 60.78
84.73 30.98
91.37 21.82
98.55 12.76
30.61 48.24
69.91 11.5
55.44 3.73
17.12 73.24
2.81 96.57
6.63 74.64
7.10 70.71
58.19 69.57
25.73 55.64
12.68 60.33
10.89 27.4
54.36 86.23
25.76 93.97
41.62 25.71
24.91 11.26
21.61 73.3
37.70 43.92
51.90 56.7
36.16 89.35
50.57 27.46
61.46 18.9
21.67 16.18
62.58 52.17
79.03 62.99
34.28 32.3
59.09 20.34
18.00 96.77
78.40 32.74
70.66 64.27
58.88 17
26.94 36.7
39.46 96.26
18.79 55.33
47.84 93.07
41.96 50.96
6.66 66.87
71.00 78.49
46.85 1.63
72.50 49.89
58.31 14.87
62.67 68.4
94.95 54.94
70.82 36.74
22.06 67.91
83.24 39.59
4.54 34.69
39.86 37.72
57.62 30.3
96.38 42.54
22.04 71.37
99.20 2.73
91.16 5.88
54.28 70.36
59.24 52.25
23.23 31.12
39.04 34.41
80.94 14.13
19.36 87.04
77.84 7.18000000000001
47.20 22.38
59.10 5.43000000000001
76.12 45.97
56.61 69.76
47.09 53.72
56.10 26.35
23.96 20.07
51.49 84.16
12.46 50.95
0.73 98.67
51.01 51.24
57.89 98.55
83.25 19.65
60.90 30.3
49.36 33.1
33.04 41.24
66.19 14.08
12.02 24.4
87.44 58.31
47.81 12.32
37.56 55.61
28.17 39.95
59.68 67.96
80.24 50.75
85.60 72.95
88.26 46.24
41.20 4.69
35.81 18.02
84.80 45.85
33.12 95.55
37.39 37.71
51.35 33.22
57.48 69.25
89.15 10.89
67.27 9.19
51.10 43.07
46.28 91.3
29.23 53.12
9.92 72.76
57.57 72.08
16.06 99.97
22.87 99.83
32.78 44.8
77.97 74.39
28.88 25.3
14.83 57.98
84.81 29.76
5.08 88.52
71.15 20.71
38.42 63.95
41.59 27.06
21.47 82.36
42.42 54.62
98.66 33.9
41.70 45.43
75.87 21.95
25.50 33.34
39.91 58.55
25.60 36.89
90.01 70.66
21.57 60.6
22.08 43.36
70.46 75.07
14.14 99.38
38.30 95.39
58.83 41.14
50.49 81.77
23.95 95.33
12.50 47.68
16.36 67.02
29.47 57.64
91.94 10.96
34.31 51.54
31.81 25.37
10.04 95.57
15.03 76.98
86.85 14.92
22.31 51.24
11.02 94.5
6.90 85.5
63.60 11.89
33.46 11.83
25.62 14.87
40.03 99.74
17.85 61.17
99.57 43.26
11.06 58.17
88.77 45.14
27.45 33.01
60.95 6.88
85.10 58.49
18.15 30.9
12.65 26.68
29.91 59.79
89.21 68.31
79.62 23.47
67.57 84.46
81.66 67.92
21.60 78.03
96.13 50.48
86.55 36.05
21.73 12.42
90.20 4.25
40.37 48.16
72.54 18.4
84.84 15.92
28.30 38.4
44.47 30.86
82.52 50.11
70.92 65.3
17.00 41.69
39.05 83.25
77.05 80.19
35.95 71.86
66.73 95.89
45.32 77.8
42.45 0.780000000000001
72.23 90.14
74.52 18.93
95.06 44.31
33.54 79.59
74.70 62.19
11.37 41.14
17.28 75.35
39.50 11.74
3.69 32.23
75.05 31.78
29.30 20.33
85.89 64.78
58.76 94.96
52.15 26.45
96.55 22.08
13.24 90.27
43.72 96.22
93.50 23.47
32.84 57.24
84.43 29.27
35.39 85.53
17.02 51.12
30.65 29.94
34.50 29.53
65.35 23.25
98.23 44.88
73.11 56.3
54.40 42
91.80 66.95
37.66 92.5
99.17 42.17
52.39 22.48
5.51 47.49
99.91 42.36
90.94 62.75
34.22 63.93
95.35 26.12
86.08 52.68
84.86 46.43
64.54 60.41
25.71 49.21
46.88 55.96
12.04 73.62
52.49 42.7
70.78 12.41
2.50 91.86
4.02 57.43
19.00 21.83
30.51 88.27
90.80 33.6
80.48 28.51
83.68 77.89
45.42 2.53
65.42 57.17
78.79 8.89
86.94 70.78
24.90 49.21
22.17 88.74
31.19 7.14
18.83 40.14
44.07 50.41
37.75 43.89
95.01 56.17
87.21 38.35
10.43 43.76
76.15 50.85
49.19 45.27
68.46 46.37
52.80 68.61
7.66 88.21
15.23 22.08
94.43 57.67
74.34 32.65
41.61 39.47
55.13 11.31
50.96 68.26
17.36 89.22
54.23 99.12
20.40 82.73
71.49 85.43
68.28 46.54
47.48 13.77
23.91 60.16
94.06 1.98999999999999
90.32 72.87
32.16 91.08
28.34 62.62
27.38 13.16
8.18 26.7
18.41 18.58
14.40 25
43.10 11.72
32.67 91.26
30.40 38.79
70.85 77.86
59.28 86.05
65.15 89.52
76.01 69.39
21.24 75.28
12.44 58.8
35.25 77.75
29.07 9.54000000000001
20.92 44.85
23.09 40.34
61.19 52.46
92.80 8.95
3.76 93.02
18.22 30.69
31.62 88.79
8.97 60.33
93.42 8.75
28.19 45.5
39.56 50.86
75.15 44.86
3.98 79.04
97.20 51
75.06 68.29
96.96 64.33
51.26 21.6
1.15 78.67
17.92 48.25
22.98 16.91
57.22 97.9
35.95 95.25
57.13 10.94
50.99 69.35
5.94 63.65
58.98 19.21
87.49 71.25
31.71 60.86
49.16 56.79
54.96 18.7
74.26 80.08
93.92 49.42
36.99 1.48999999999999
80.04 1.63
19.78 55.62
95.69 12.69
44.93 90.05
37.99 82.82
9.60 72.88
69.07 33.08
3.56 94.91
27.44 60.86
6.21 34.32
57.73 14.3
19.00 66.79
48.25 59.83
27.67 35.71
81.23 20.09
97.83 19.42
81.28 46.26
78.28 72.82
82.44 47.13
0.17 36.73
52.12 66.05
12.40 92.1
39.05 75.64
85.84 0.0100000000000051
43.76 22.78
34.01 48.26
23.46 72.51
74.61 22.66
44.34 19.71
69.82 95.74
69.21 73.17
43.73 5.22
85.82 20.32
67.68 47.41
32.27 61.88
22.32 53.2
51.85 11.52
38.06 63.02
82.45 64.81
89.94 11.13
67.12 4.86
86.16 29.41
33.10 59.39
55.30 4.92
88.64 1.81
24.66 19.91
56.04 2.81
20.97 17.12
50.28 48.86
63.97 20.71
56.54 98.63
83.52 72.36
10.37 25.05
99.87 14.26
79.43 3.27
83.47 10.58
34.67 23.5
99.66 57.27
93.29 6.92
70.36 4.51000000000001
74.71 28.79
36.87 35.32
99.03 26.36
15.08 87.97
1.17 81.12
15.14 93.77
29.10 75.78
61.82 26.02
12.20 42.75
18.54 48.26
52.48 34.85
40.94 73.32
79.32 85.62
19.39 67.17
43.30 80.64
33.23 12.84
4.87 43.37
72.37 30.15
11.95 27.67
45.17 0.200000000000003
49.00 61.07
2.70 66.06
18.24 32.63
77.65 48.78
11.63 85.98
25.91 90.31
79.23 67.68
77.47 45.76
53.84 69.53
82.15 22.56
21.43 55.56
41.86 68.88
75.79 65.92
33.39 13.85
70.62 10.49
16.04 66.48
1.44 70.74
39.74 68.76
89.36 59.54
98.90 57.83
66.66 82.78
76.59 12.26
91.77 64.19
80.72 9.59999999999999
10.71 80.11
37.81 63.06
25.05 93.42
71.07 57.59
86.58 48.57
8.75 26.54
31.69 27.74
43.69 79.01
16.96 29
34.40 61.33
55.42 32.8
17.05 60.74
6.00 35.35
74.79 79.22
76.42 66.69
6.62 89.83
18.71 90.66
2.69 79.65
26.12 96.99
10.32 60.05
15.26 28.28
29.96 42.71
62.70 12.14
11.05 85.91
1.62 98.7
56.48 14.54
71.97 2.44
17.36 70.88
11.95 28.59
57.91 41.11
64.81 94.94
60.39 83.54
79.84 32.23
25.38 94.2
89.77 39.53
46.01 70.38
6.10 59.73
54.20 2.59
74.99 68.69
38.80 89.88
2.60 84.28
79.07 19.08
21.64 29.59
48.33 80.73
24.47 37.53
13.30 41.17
86.93 32.94
78.39 16.74
50.25 97.9
12.68 49.39
18.95 66.32
13.14 52.95
78.04 62.28
51.40 67.48
34.41 47.59
96.07 53.14
81.95 37.34
89.75 62.12
2.11 63.8
49.31 65.69
24.29 14.56
19.61 92.22
9.38 60.2
72.53 71.53
98.23 45.7
76.20 32.86
98.68 40.12
14.23 75.48
2.56 44.77
24.89 61.66
77.50 16.09
95.56 9.3
18.39 31.56
36.83 39.83
69.13 3.15000000000001
19.95 72.32
77.60 57.96
44.24 61.87
12.71 77.34
37.06 78.12
44.59 85.62
15.07 93.01
78.19 27.25
47.94 67.36
52.88 94.71
35.79 17.77
58.98 29.63
10.88 66.64
8.91 36.59
8.99 87.51
83.79 45.81
56.32 81.92
21.98 21.04
51.37 27.79
28.56 82.38
90.56 70.03
2.36 90.53
96.82 40.06
97.16 56.6
98.88 4.33
98.37 18.18
69.61 6.66
68.84 20.02
76.74 47.19
29.32 84.78
77.65 68.12
74.52 29.77
54.19 63.06
21.24 28.06
96.00 53.43
50.64 87.44
46.63 27.22
51.03 40.59
77.26 23.68
20.09 15.34
67.16 51.13
17.79 62.63
90.90 69.68
54.98 4.98999999999999
27.28 61.09
73.80 87.14
48.20 75.43
78.10 51.92
94.89 15.18
21.80 68.62
83.31 33.19
67.05 35.05
34.46 56.51
30.87 34.44
58.74 19.46
39.53 58.35
48.62 49.6
2.40 58.01
9.14 42.07
64.49 7.98999999999999
94.70 70.75
55.38 70.72
76.43 81.94
56.36 73.32
93.81 28.12
72.46 64.73
75.76 20.81
77.29 16.16
28.32 8.72
4.10 77.56
86.74 13.66
82.80 52.8
33.54 78.15
77.34 21.62
30.19 93.29
32.25 47.41
82.20 25.6
5.59 55.44
51.19 34.42
88.38 72.6
88.38 68.39
76.07 44.63
12.44 67.3
95.62 17.64
83.94 9.44
76.38 76.45
24.62 99.65
43.37 39.87
39.94 2.19
17.40 42.76
66.67 82.71
44.74 52.81
82.76 47.81
75.53 89.97
86.32 64.69
88.94 4.23
33.45 7.65000000000001
92.25 69.79
82.49 28.91
75.71 4.23999999999999
60.67 95.17
30.49 35.48
49.96 19.2
87.59 61.21
45.13 91.76
6.19 56.75
50.79 66.21
3.45 97.55
50.64 62.68
80.43 77.15
40.14 95.62
91.53 13.89
21.60 41.29
41.72 7.26000000000001
57.16 79.75
36.39 47.96
34.21 43.15
64.92 91.94
99.39 5.88
1.74 37.77
45.02 66
22.82 53.22
1.24 69.15
37.12 38.79
88.79 73.87
22.94 96.24
19.12 32.43
79.26 12.79
53.82 86.62
34.70 62.01
52.44 4.83
63.97 84.34
69.75 55.71
35.15 30.02
0.02 34.7
14.40 48.96
64.04 0.0300000000000011
99.02 35.87
20.07 70.21
48.56 52.67
47.01 24
27.23 90.87
15.45 65.97
13.21 76.25
88.84 30.63
26.75 71.71
63.41 39.65
29.93 17.33
36.98 73.92
96.07 67.71
18.28 55.61
59.14 99.24
20.74 66.22
74.18 47.96
49.33 51.92
53.22 27.41
69.49 35.89
92.59 32.4
37.21 12.98
64.45 61.18
59.01 58.52
75.60 15.02
53.12 12.65
84.84 40.36
82.97 20.5
64.78 3.79000000000001
63.20 56.8
9.75 61.6
24.19 39.89
8.91 35.77
75.76 27.03
18.12 66.7
28.57 77.76
79.26 83.82
69.96 90.49
96.91 54.09
11.43 40.55
87.67 44.98
30.50 19.63
43.51 18.42
56.82 68.84
7.60 45.09
35.31 54.19
