1000
96.09 40.83
50.85 57.57
86.09 31.79
57.37 54.07
68.35 40.73
95.59 40.18
61.29 77.52
68.23 63
32.91 91.07
50.20 74.48
46.36 75.49
53.01 68.91
40.84 68.96
40.59 59.56
80.64 58.33
40.51 46.33
64.70 64.64
49.96 84.21
52.69 36.36
79.64 48.43
26.35 58.03
73.38 60.38
17.47 87.7
48.47 60.57
24.02 48.48
52.61 72.73
50.18 35.09
60.24 5.23
44.80 35.78
27.65 67.45
28.91 71.7
68.00 4.75
80.37 22.54
29.22 33.66
83.03 50.06
28.94 85.33
34.12 95.43
42.24 37.24
24.22 89.85
47.03 22.09
55.87 42.93
98.40 1.91
20.68 52.05
84.04 11.59
77.91 31.85
50.15 33.77
33.67 29.63
77.27 58.75
77.52 16.88
8.73 68.35
57.57 7.31
52.86 75.96
56.21 75.4
34.04 91.73
80.15 27.76
28.98 87.95
3.27 66.93
66.37 7.84999999999999
56.86 2.16
92.92 29.43
25.51 46.15
49.36 85.72
22.64 94.62
3.72 88.18
46.32 25.48
47.43 33.78
30.94 65.58
77.92 38.06
37.97 56.37
76.39 2.73
28.29 81.41
82.29 56.4
38.73 75.37
67.25 5.03
29.15 92.22
30.71 67.87
33.65 64.35
91.49 31.69
66.51 2.89
62.43 12.73
11.94 78.24
32.92 68.07
38.52 46.74
61.39 29.68
85.00 52.1
76.85 34.44
62.90 72.05
34.74 39.88
76.99 41.29
44.51 31.01
78.94 29.88
62.14 46.61
57.71 1.15000000000001
14.03 98.4
34.49 98.75
45.70 91.85
9.96 78.08
91.62 8.33
58.63 14.35
51.31 39.66
60.44 47.37
15.84 71.72
28.15 93.73
9.10 49.05
39.66 33.98
68.80 35.85
63.25 77.44
12.07 70.16
20.66 62.03
45.61 84.83
48.38 20.26
53.90 43.9
43.48 18.51
42.54 38.82
0.36 67.87
13.64 74.6
79.98 8.93000000000001
41.26 81.56
71.83 15.36
74.92 59.02
46.95 22.47
62.24 31.43
52.38 60.45
82.14 37.07
70.65 37.52
41.96 38.86
31.59 76.25
36.69 83.16
51.15 63.31
18.03 75.17
47.92 82.02
60.47 61.17
69.21 19.89
19.85 62
8.95 57.94
59.43 65.68
8.18 94.09
67.74 65.62
27.60 78.56
17.51 67.13
77.02 7.95
43.91 37.07
17.08 62.16
64.14 73.52
17.24 58.81
20.38 91.36
92.34 27.87
33.77 68.45
65.38 44.73
81.60 46.57
4.77 85.64
18.84 68.88
70.97 59.89
11.35 89.76
55.98 13.96
54.11 26.32
48.46 74.26
42.99 50.05
58.92 75.16
50.18 63.01
24.90 99.76
38.74 86.9
45.55 38.11
3.72 67.22
69.43 45.66
28.50 41.85
35.73 93.71
25.19 51.53
72.28 52.64
6.43 59.45
42.60 30.64
4.91 79.27
57.84 69.56
74.76 35.27
8.21 55.69
1.35 90.44
40.70 47.06
20.62 96.57
40.41 86.14
0.17 89.61
40.55 54.78
31.87 48.16
53.31 84.13
49.12 69.01
88.57 36.49
17.42 58.96
99.75 12.41
33.42 88.39
72.15 66.15
44.31 66
91.24 27.35
70.96 22.91
4.45 79.4
58.20 40.76
42.57 85.87
60.70 60.68
50.32 84.66
3.23 86.09
2.94 79.59
43.28 86.28
40.33 67.63
30.70 53.81
76.04 25.92
22.96 95.38
33.23 84.99
81.51 49.6
96.71 10.99
9.32 69.28
15.13 75.65
57.04 63.39
26.05 69.64
51.98 38.02
55.72 72.3
66.58 53.87
35.81 65.27
78.37 1.22
6.16 84.77
66.02 20.81
17.34 72.74
31.67 84.6
49.40 63.7
40.79 25.94
91.84 32.62
74.43 19.63
26.01 80.27
23.22 42.89
61.62 22.24
20.73 94.51
23.89 73.28
92.41 14.55
64.43 50.41
38.06 99.51
55.62 19.13
38.30 58.36
35.83 91.48
67.18 2.36
9.33 90.28
22.98 49.57
32.70 54.3
29.09 71.55
46.54 50.47
86.95 4.09999999999999
25.60 43.39
28.38 62
55.56 49.8
60.48 72.04
60.57 26.52
81.96 55.44
36.96 57.96
26.05 57.32
14.38 43.85
60.17 67.91
63.95 20.97
79.14 5.2
43.49 69.53
76.41 0.340000000000003
56.85 40.05
55.55 21.36
12.93 48.6
25.24 40.76
15.06 99.98
83.32 39.62
49.01 67.92
19.57 44.53
84.55 49.48
58.63 53.57
81.36 2.75
25.02 61.17
6.54 73.64
73.80 30.3
35.37 44.18
9.25 93.14
22.57 73.08
94.35 1.86
57.25 20.69
47.51 93.85
94.12 2.48
30.02 67.81
36.98 35.26
31.72 77.79
68.38 62.83
51.94 32.04
0.20 70.69
12.42 81.89
87.27 20.36
85.38 22.01
54.14 16.11
8.22 51.86
46.83 48.09
50.15 84.5
89.66 28.66
35.65 30.56
41.95 73.91
92.15 36.86
37.44 44.51
21.09 49.7
6.65 82.26
63.78 55.37
39.16 71
80.68 22.95
75.58 53.99
51.75 65.75
37.36 62.3
94.39 12.69
29.98 48.12
48.76 73.22
74.80 28.32
41.64 83.48
85.59 17.04
46.70 85.68
22.48 66.17
76.47 11.56
20.04 72.74
62.49 55.34
58.71 78.51
43.67 97.67
77.99 59.7
49.09 92.29
78.48 36.26
49.14 67.31
36.02 45.4
67.52 59.15
86.27 8.90000000000001
2.24 57.5
72.60 27.3
31.34 47.44
60.29 21.52
98.36 1.47
54.07 44.59
32.22 68.95
53.30 22.02
44.31 54.34
40.47 75.88
70.23 12.97
54.81 71.51
81.42 19.91
20.11 39.32
98.33 28.05
70.56 0.0400000000000063
55.76 65.56
36.60 28.79
68.92 70.07
43.16 56.88
84.64 33.64
30.32 34.58
10.32 48.52
77.02 58.41
58.03 2.18000000000001
0.99 81.27
4.27 87.06
53.88 62.47
42.42 57.65
26.80 83.83
94.56 3.09
35.42 86.14
51.84 24.94
1.81 87.65
20.09 88.13
74.70 65.18
55.99 8.11
58.88 47.28
12.14 67.55
53.95 11.06
45.23 61.51
65.32 38.65
14.56 54.35
8.65 50.44
62.92 0.829999999999998
85.21 43.92
6.14 56.45
7.30 84.44
62.10 40.28
61.54 76.68
49.42 47.46
63.26 34.31
56.49 59.38
63.73 13.76
23.00 82.16
62.12 57.45
39.35 62.16
2.36 69.22
50.61 74.46
39.06 60.28
50.97 60.14
73.90 57.15
55.12 67.08
57.53 61.74
79.26 27.34
44.25 30.42
67.23 43.46
55.45 82.47
35.68 35.55
61.67 1.86
26.52 61.8
32.14 26.81
87.29 47.48
78.81 18.43
79.13 7.98999999999999
43.88 59.33
40.78 79.28
31.43 52.49
90.73 19.35
68.24 60.85
92.32 32.8
33.58 86.52
33.64 27.29
39.87 48.04
20.98 53.58
19.47 55.66
54.84 46.05
52.44 79.24
32.02 90.26
6.68 66.72
53.06 64.91
14.10 98.9
79.75 52.9
74.97 14.19
42.93 86.81
22.75 83.24
37.95 85.4
85.12 48.97
69.31 23.6
94.84 12.75
47.75 52.91
29.41 75.28
86.49 36.17
16.04 98.11
7.28 90.45
33.52 49.82
46.88 44.19
9.43 77.69
17.28 69.72
22.02 41.24
31.80 30.73
37.09 97.68
57.49 77.81
61.54 24.22
27.12 82.95
15.51 95.65
64.75 29.46
34.67 34.64
5.04 91.89
64.58 53.55
84.64 14.61
87.67 31.61
34.81 31.01
47.79 23.91
54.72 12.82
18.53 40.3
16.78 47.2
86.68 2.95999999999999
97.26 3.09999999999999
52.24 34.61
36.87 22.85
61.10 38.12
70.04 60.96
41.97 27.46
49.74 11.41
45.21 66.19
19.89 94.51
68.29 19.69
28.08 83.5
38.65 79.37
95.98 32.05
50.38 60.17
2.88 74.9
14.83 76.82
79.03 24.43
22.95 85.96
47.68 65.24
49.73 15
25.37 46.61
92.59 10.21
34.71 81.52
63.09 43.93
16.28 96.97
41.80 78.35
94.04 34.1
97.01 23.03
58.70 59.88
97.00 7.44
84.26 18.12
76.16 61.8
24.94 93.51
50.70 27.15
66.22 22.29
45.98 55.04
78.52 40.45
2.09 95.1
27.00 38.61
43.23 88.96
0.10 66.27
50.55 49.43
34.84 47.2
16.78 41.62
61.47 61.61
77.09 49.08
46.85 87.16
56.81 50.62
91.24 20.17
0.10 74.49
50.20 82.53
40.86 51.27
48.99 16.8
63.38 32.47
71.88 40.79
93.07 18.03
87.12 27.09
15.43 90.76
44.42 63.03
4.59 89.26
72.30 28.02
74.71 19.11
84.29 5.42
74.14 33.45
99.26 11.59
37.65 73.55
14.39 58.45
68.36 38.09
80.80 18.71
32.68 29.98
51.42 13.38
56.58 29.23
79.36 2.34
61.65 75.71
56.57 79.34
63.99 72.27
46.34 40.7
79.70 34.3
67.07 1.38
17.54 62.18
58.01 6.67
65.81 68.76
50.05 42.63
76.34 19.02
25.01 49.25
36.12 98.31
73.20 45.94
5.41 94.36
74.46 35.43
61.87 25.49
74.00 56.31
43.57 55.75
66.50 27.51
33.40 57.24
85.61 0.599999999999994
19.86 42.45
80.43 7.94
72.88 59.78
27.39 94.94
90.45 7.13
25.22 90.35
80.18 37.79
29.76 81.3
7.49 88.36
24.38 45.91
74.83 67.16
21.25 95.51
13.59 82.89
29.00 86.64
31.66 71.85
42.18 81.47
43.76 27.63
42.47 65.61
4.95 90.69
45.92 12.86
74.97 55.54
72.22 45.2
35.77 83.24
59.28 81.54
95.21 2.42
69.28 63.17
75.13 7.17
78.14 52.02
56.93 57.75
0.41 88.25
72.34 15.24
19.16 93.23
97.47 0.709999999999994
77.98 49.38
44.44 86.77
23.53 93.14
69.74 54.46
85.00 8.7
25.91 36.87
98.47 20.06
84.01 40.45
17.16 77.04
46.97 82.09
75.15 3.59999999999999
13.20 78.09
97.64 20.98
51.18 31.85
29.76 90.84
62.40 41.55
17.01 45.3
74.83 59.6
37.52 73.18
31.80 47.92
91.55 5.66
65.89 15.21
1.05 93.57
73.55 28.29
74.57 65.03
47.81 36.78
87.44 13.5
74.04 39.54
4.25 88.68
41.95 64.4
16.99 98.18
14.98 77.24
43.05 98.94
87.43 37.61
61.74 69.6
72.78 26.22
51.78 89.33
60.16 6.06
58.81 71.8
79.67 24.16
74.32 52.36
63.52 38.14
82.64 12.34
32.36 43.41
84.15 28.09
54.55 78.79
98.43 17.82
20.80 94.54
34.62 78.43
90.31 21.66
22.97 48.96
83.96 20.81
23.65 76.19
87.07 13.57
33.20 34.7
88.13 6.98
13.18 95.78
35.07 92.28
43.15 54.63
56.04 82.52
61.01 29.31
33.75 29.21
79.96 18.65
27.87 39.84
39.38 81.45
38.71 24.12
37.47 68.93
21.53 81.83
63.54 71.62
80.51 24.98
17.24 91.14
10.19 95.72
80.03 18.02
79.14 37.07
47.40 62
61.81 52.92
23.20 53.3
55.47 84.85
26.00 62.45
91.51 48.73
82.94 3.39
44.53 69.02
64.26 66.98
85.19 39.15
54.56 34.32
85.55 10.8
91.95 17.96
33.30 85.05
57.87 4.15000000000001
32.22 33.84
73.18 59.76
78.74 42.91
82.52 6.76000000000001
95.52 9.77
99.24 37.16
68.77 69.83
54.08 63.79
17.85 67.73
28.45 41.64
35.89 84.44
51.23 39.47
78.19 14.76
82.05 14.19
34.36 67.63
19.93 57.99
71.32 11.46
82.69 10.89
50.73 77.94
4.48 65.07
54.00 65.54
14.99 75.76
20.11 64.92
31.42 41.3
40.56 20.64
96.78 38.64
77.39 32.01
51.35 6.97
53.10 42.85
40.24 27.64
70.11 43.39
82.70 25.44
77.20 40.81
95.87 43.34
47.92 73.81
55.58 36.7
73.26 11.01
72.54 15.85
71.36 7.88
3.61 82.18
24.23 93.14
10.82 71.13
62.81 29.63
44.57 54.18
27.01 64.65
21.68 44.45
74.34 65.37
88.07 18.62
60.38 79.49
11.70 75.79
68.85 16.25
14.73 54.62
58.11 74.09
36.88 63.92
17.70 50.76
51.62 31.44
10.96 79.44
36.25 43.23
45.88 72.22
69.41 35.1
39.43 53.54
58.94 14.94
32.71 71.25
21.43 54.64
80.50 11.85
4.16 65.84
58.73 32.45
43.27 53.94
26.07 77.13
79.27 35.26
88.07 14.29
87.27 50.16
13.54 68.2
54.57 44.34
54.59 56.62
69.47 28.48
40.57 52.15
56.62 53.26
92.81 7.54000000000001
2.26 90.63
86.43 42.12
15.92 93.56
72.66 10.81
84.30 5.22
36.47 79.78
48.51 62.13
71.12 41.52
30.72 93.93
48.40 23.78
58.04 33.68
34.45 49.03
98.77 7.22
42.69 63.87
89.56 10.59
30.17 67.72
80.62 9.8
64.47 7.42
58.30 14.38
34.01 37.95
57.98 35.54
72.05 68.22
45.04 13.98
7.17 52.58
81.73 49.21
90.30 3.69
21.38 85.84
68.33 50.62
46.11 65.93
79.13 41.42
52.59 55.76
72.91 14.83
91.15 5.12
45.72 90.2
99.31 0.0100000000000051
15.23 86.75
52.67 85.04
66.57 45.44
3.21 90.86
62.65 44.46
0.57 61.79
46.13 31.45
73.95 3.41
98.38 31.54
3.58 55.83
16.29 77.2
33.35 28.64
59.33 50.83
80.22 44.44
65.97 54.99
64.52 37.15
2.79 74.22
22.16 90.71
31.30 93.29
72.15 0.730000000000004
94.01 45.08
69.83 25.63
56.41 12.96
4.25 58.4
2.08 90.6
44.91 39.27
83.36 45.45
41.16 68.97
14.08 44.04
91.06 38.31
14.06 68.79
85.80 25.18
15.82 66.65
53.35 34.95
30.50 81.48
47.02 28.87
38.76 20.98
66.34 8.05
68.94 47.94
27.13 51.81
54.95 66.39
58.43 23.03
30.21 49.34
56.79 49.36
50.98 57.48
1.14 97.24
26.74 38.43
38.93 66.88
92.31 17.09
42.62 18.88
7.05 54.37
24.39 41.71
2.78 96.31
84.94 29.7
72.00 24.76
49.83 61.13
27.98 81.92
89.32 22.57
69.93 62.46
30.26 83.37
79.75 15.78
24.66 42.71
46.79 69.04
78.97 31.17
95.14 22.1
27.46 55.29
92.19 15.3
86.63 35.23
78.21 40.81
47.17 11.75
49.11 35.53
56.52 19.03
61.40 21.94
44.65 27.91
17.59 62.23
77.66 11.92
8.81 51.84
11.03 99.39
5.76 68.21
38.93 82.11
35.71 82.22
95.04 35.3
50.24 38.85
17.00 99.21
59.12 68.36
53.68 75.62
70.80 39.58
27.58 36.09
14.99 75.81
43.18 86.82
6.12 58.02
60.48 49.71
56.75 32.36
72.67 61.72
71.90 48.69
56.58 20.88
70.69 35.2
78.27 12.55
69.70 49.62
15.39 79.87
34.89 37.92
84.96 47.63
5.64 83.08
23.62 47.05
19.40 58.55
43.20 74.72
64.52 25.81
12.59 69.84
99.93 2.17
1.27 80.39
36.95 87.15
30.10 90.2
81.70 11.66
70.68 64.02
58.11 3.31
79.95 4.86
49.02 58.69
39.20 54.02
64.15 7.02
1.05 87.69
78.99 57.69
63.08 16.6
21.54 65.7
44.64 35.89
46.40 77.66
65.77 23.03
42.41 22.99
33.20 43.82
54.21 74.72
72.42 2.56
34.70 69.75
16.79 44.6
88.08 30.01
14.29 47.52
61.28 39.57
48.52 26.92
64.79 39.92
71.61 68.78
65.89 55.36
66.22 36.38
35.21 56.18
54.06 73.93
74.64 59.35
46.28 33.61
57.65 29.13
98.70 15.37
56.78 21.2
23.72 54.19
53.41 5.03
26.29 82.38
77.12 44.55
41.68 62.02
98.16 33.82
63.07 2.88
96.66 33.21
51.59 54.06
59.72 30.1
41.91 40.55
31.79 79.07
77.65 30.7
40.23 41.56
8.24 66.38
54.91 4.40000000000001
16.11 43.89
69.58 47.68
39.52 91.87
67.47 48.58
58.53 18.96
89.99 27.18
36.04 27.89
37.35 96.69
9.90 94.56
21.96 88.26
44.42 47.4
44.84 41.19
79.48 55.39
55.80 29.08
43.74 38.5
34.39 67.74
41.19 88.77
28.05 77.23
12.66 61.18
32.95 34.78
78.77 46.04
28.84 54.63
72.44 14.18
29.32 88.29
46.64 58.77
21.14 56.5
27.88 52.95
48.17 57.17
99.51 8.8
95.89 2.25
30.80 31.67
56.53 30.78
70.97 20.18
9.47 91.23
73.77 21.53
17.58 82.47
66.00 70.95
76.77 46.7
94.02 47.93
71.44 56.3
40.53 88.14
18.32 57.59
89.95 46.85
32.25 72.4
22.85 52.84
55.24 11.83
84.67 21.44
62.49 1.90000000000001
63.31 67.58
27.50 52.88
19.43 66.58
84.33 35.24
49.45 30.4
76.09 9.76000000000001
96.08 24.91
