1000
51.40 60.61
59.60 50.48
37.10 44.40
46.80 59.80
44.60 58.30
47.40 59.43
48.90 59.27
44.70 56.70
51.10 61.12
56.30 55.47
51.90 59.87
44.30 56.92
55.40 56.58
43.60 55.91
56.70 56.45
59.40 50.44
35.20 38.26
49.90 60.64
38.30 46.02
45.10 56.95
53.60 59.26
51.30 59.05
46.00 57.09
40.70 50.72
47.30 60.00
63.90 39.68
40.70 50.48
39.40 47.56
63.30 42.05
47.70 59.06
36.10 40.78
46.30 57.32
46.00 58.80
38.50 46.35
44.80 58.69
37.60 44.28
62.50 43.63
53.90 57.85
48.30 60.75
36.90 42.21
46.00 58.73
61.90 46.64
58.50 53.80
57.60 53.51
35.10 38.58
53.80 58.98
63.50 41.95
52.90 59.76
48.10 60.77
58.60 51.52
60.30 50.13
64.60 38.04
49.40 60.49
55.20 56.49
37.70 45.49
58.70 53.42
62.70 43.36
57.60 54.68
57.50 53.92
38.50 47.08
57.90 53.74
53.20 58.42
56.20 57.23
37.80 46.01
60.30 49.40
42.90 53.75
49.60 59.74
47.40 60.65
48.10 59.74
59.20 52.26
50.10 60.98
55.50 55.71
48.30 59.91
43.50 55.25
61.80 44.99
37.80 45.98
45.40 56.96
59.80 49.51
40.10 49.61
48.40 59.30
63.60 40.67
50.80 59.73
61.70 46.13
44.30 57.17
43.40 55.01
52.70 59.19
48.00 60.45
64.30 38.77
53.90 57.05
46.20 57.84
57.50 54.94
63.90 39.96
35.20 38.45
41.00 53.09
54.00 59.20
63.10 43.17
52.50 59.90
39.50 49.81
55.80 56.93
45.20 58.14
58.90 52.91
56.50 55.71
55.60 55.94
50.70 59.50
36.30 41.02
58.70 52.97
43.20 55.96
59.40 50.55
54.70 58.56
48.80 59.56
52.90 58.74
59.40 50.76
63.90 39.80
64.90 37.76
44.30 57.29
40.10 50.74
60.70 47.86
55.50 57.10
58.80 53.03
42.20 55.18
40.00 49.02
48.30 60.60
45.00 56.39
44.20 56.88
52.00 59.16
56.30 54.64
64.90 37.53
50.90 60.50
49.30 59.11
55.30 57.09
58.70 53.68
45.00 58.32
53.40 58.29
60.20 48.99
47.10 58.55
58.20 54.23
48.30 59.70
55.70 56.10
51.00 58.48
44.40 58.13
56.00 57.68
54.10 59.22
46.10 57.95
49.80 60.87
55.20 58.31
45.70 59.50
42.50 54.23
42.00 52.71
53.10 60.50
46.90 58.16
61.60 46.13
62.50 45.39
61.10 48.77
41.60 52.20
62.20 45.33
61.60 45.66
40.50 51.76
62.40 44.00
50.60 60.31
57.90 53.09
36.50 40.75
44.50 57.47
46.80 59.77
57.70 54.16
41.60 52.65
60.30 49.59
54.20 59.00
43.00 55.25
53.00 57.90
64.20 39.55
61.50 46.07
38.90 47.70
47.80 58.89
43.20 55.31
37.70 44.62
43.20 54.57
37.90 46.42
60.50 47.84
53.60 59.56
64.50 38.57
38.50 46.95
44.10 57.08
53.00 59.14
53.20 57.65
37.00 43.07
53.10 58.58
39.50 48.51
46.90 58.54
47.20 57.91
57.70 53.49
53.90 57.91
35.90 39.17
38.50 45.70
63.20 43.09
41.20 53.44
50.80 60.83
63.60 41.17
44.20 57.67
48.60 59.29
51.10 60.56
38.20 46.46
64.90 37.99
58.50 53.03
46.50 60.08
51.50 59.74
54.20 57.21
53.20 59.36
58.50 52.00
44.10 57.29
42.30 52.81
36.90 42.06
64.50 39.74
38.00 45.28
49.50 59.23
37.50 43.84
60.50 50.10
54.40 58.42
46.00 57.55
43.10 55.69
52.00 60.41
59.50 51.80
51.00 60.84
61.10 46.76
56.60 54.32
53.60 60.10
61.30 46.75
53.10 58.91
64.70 38.05
55.20 57.22
56.00 55.23
55.70 55.69
38.60 46.78
45.70 58.25
45.40 57.34
59.60 49.53
50.00 59.46
46.60 59.12
39.60 48.95
37.40 43.49
53.20 58.76
62.10 44.63
50.20 59.76
39.40 48.80
47.20 59.19
50.60 59.64
38.00 46.32
39.10 48.27
36.80 42.95
60.90 47.03
55.60 57.07
50.80 60.46
49.90 60.82
49.90 60.92
43.50 56.34
52.50 58.15
63.70 41.44
58.40 54.14
42.10 53.63
48.60 60.04
37.80 44.09
51.50 59.61
52.90 59.64
64.60 38.02
37.90 46.44
64.30 40.03
64.10 39.41
60.80 47.39
39.60 49.74
63.40 41.75
46.80 57.77
42.80 56.09
54.60 58.71
59.30 51.55
58.50 51.53
59.30 50.54
59.40 52.03
35.20 38.71
42.90 53.79
58.50 51.76
55.80 55.83
47.20 58.31
61.80 46.56
64.50 39.26
42.30 54.00
56.80 54.64
48.50 60.27
59.50 50.41
52.60 60.27
48.30 60.16
49.30 58.80
40.90 52.27
57.60 54.79
37.60 45.36
39.80 49.85
64.60 37.76
62.30 43.94
51.10 58.90
52.30 58.00
47.60 58.74
49.50 59.77
43.60 57.07
46.90 57.58
36.10 39.96
58.00 54.65
41.60 51.65
51.40 59.81
37.10 43.16
39.40 49.09
50.10 60.39
38.30 46.75
39.60 48.35
55.60 57.25
55.80 56.57
48.90 59.69
50.90 58.45
54.40 56.98
64.10 40.33
59.10 50.63
49.90 60.51
47.70 58.05
56.90 55.47
41.40 52.88
40.10 49.66
50.60 60.61
46.90 60.50
60.70 49.41
59.50 51.97
46.90 59.87
48.50 60.97
42.00 52.78
44.70 57.30
51.60 59.18
37.30 44.21
41.10 52.98
42.00 53.63
52.90 59.97
61.30 47.46
37.20 42.61
64.10 40.24
35.90 40.15
40.40 50.96
40.40 51.55
52.10 59.86
38.40 46.12
48.20 60.57
43.60 55.64
38.90 47.63
47.40 59.76
37.40 44.67
52.90 57.70
60.70 48.17
56.70 55.96
61.30 47.61
44.00 56.36
40.20 51.51
48.80 59.10
57.30 53.69
47.90 60.87
60.30 49.96
38.50 47.70
40.60 52.02
43.20 56.30
52.00 60.77
36.60 42.08
49.10 59.58
54.00 58.10
54.50 58.18
56.10 57.17
51.70 58.93
38.70 46.87
58.50 52.59
43.10 54.67
52.30 59.15
64.60 39.25
62.60 43.79
39.20 48.25
49.10 59.29
40.10 50.48
45.70 57.98
48.90 59.61
58.10 52.27
64.30 39.66
37.70 45.74
63.30 42.02
46.60 60.30
39.00 48.31
44.10 55.12
44.50 57.31
43.90 56.79
39.00 48.71
53.80 59.43
61.10 48.16
55.70 56.95
47.40 59.35
49.20 60.75
42.80 54.58
40.10 50.81
44.70 58.50
45.70 57.14
62.70 44.94
59.70 50.64
61.20 48.35
48.70 60.72
54.10 58.16
35.50 38.59
61.40 46.45
42.50 55.53
40.10 51.17
58.20 52.72
52.50 58.52
39.00 48.06
49.50 59.38
44.70 55.96
54.10 58.02
43.30 54.32
56.40 55.29
46.50 60.09
41.80 53.96
36.10 40.00
61.70 47.21
40.50 51.73
40.80 50.51
39.90 49.41
50.90 60.79
37.20 43.65
39.00 47.14
37.40 44.81
42.60 55.15
58.50 53.62
35.40 37.79
42.10 52.93
64.90 37.36
35.50 39.78
38.80 46.92
44.40 56.16
61.40 47.79
42.30 54.56
39.60 48.72
54.00 57.84
43.90 54.87
59.50 51.26
55.30 57.25
57.70 54.66
58.90 50.80
52.00 58.59
57.40 54.84
51.60 60.47
37.60 44.98
42.00 53.46
35.90 40.38
51.00 59.71
55.90 57.17
57.60 53.66
51.30 59.06
46.20 58.87
37.40 43.52
51.40 59.06
44.30 56.35
57.90 54.77
45.60 59.50
47.10 57.93
37.40 43.70
58.60 53.28
47.50 58.97
50.20 59.08
57.30 53.64
35.00 37.07
64.80 38.49
45.40 56.52
46.00 56.99
43.00 53.86
64.10 39.31
37.90 44.26
50.70 59.40
40.00 48.91
47.50 59.58
37.40 44.47
38.00 46.18
50.90 58.48
35.80 40.17
48.10 59.77
64.70 38.01
41.90 52.99
60.50 49.04
38.50 47.18
58.50 52.35
59.70 49.41
62.50 45.30
52.90 58.14
38.00 45.53
39.20 47.83
60.60 48.05
49.00 59.91
45.00 58.25
39.50 48.61
51.30 60.36
40.70 50.39
45.10 58.71
55.90 56.59
57.60 55.38
61.80 45.36
64.20 39.22
59.80 50.70
62.60 44.96
63.80 41.90
54.00 58.00
48.10 59.58
46.80 58.02
54.90 56.28
50.70 58.84
63.90 41.04
39.10 48.05
56.70 54.68
61.20 46.27
54.80 57.20
41.50 53.41
62.20 45.11
47.60 60.74
56.20 56.88
46.90 58.40
48.10 58.96
36.60 42.15
40.80 51.22
63.90 41.23
59.60 51.99
36.30 40.56
47.50 59.22
64.40 39.22
42.00 53.32
41.60 52.02
51.80 59.59
49.20 59.80
45.40 58.79
39.40 48.49
37.70 43.75
45.10 56.75
54.50 58.28
56.30 55.18
51.90 58.62
46.90 58.21
36.70 42.37
51.30 59.52
55.10 58.36
55.10 57.60
48.20 59.28
44.90 57.48
50.70 60.14
59.40 51.22
44.70 58.44
44.90 56.46
37.70 44.50
54.60 56.82
55.30 56.98
50.40 58.94
55.30 56.32
35.40 38.95
37.30 44.87
41.70 53.88
40.30 50.04
40.40 50.51
37.10 43.99
52.60 58.08
47.60 58.42
35.70 38.75
56.30 54.82
61.70 45.49
58.20 53.41
44.10 55.41
53.90 57.12
54.20 57.22
48.70 59.92
51.30 60.10
61.90 46.51
44.20 56.24
55.90 57.52
57.50 54.06
40.20 49.84
56.40 56.89
35.70 40.08
48.20 59.87
47.10 59.55
49.40 58.79
46.10 59.08
54.00 59.27
43.20 55.62
42.20 53.84
57.00 55.24
62.90 43.93
41.40 52.24
40.30 49.95
43.60 57.01
44.30 55.55
54.60 58.26
63.90 39.97
57.10 54.43
38.40 46.46
48.30 60.00
46.70 58.89
54.40 56.94
48.90 58.61
39.20 48.96
58.00 54.02
41.50 52.38
49.60 59.14
63.30 41.31
56.50 54.52
57.10 55.02
60.90 47.06
53.50 57.31
39.40 49.85
47.80 59.45
52.60 58.50
51.80 60.53
62.40 44.44
35.80 39.71
47.20 59.35
55.70 56.76
43.50 56.57
58.80 51.66
62.80 44.18
46.70 59.58
43.30 56.30
63.60 41.32
46.00 57.52
63.40 41.90
62.10 44.46
59.00 52.21
59.10 51.06
52.90 59.83
53.00 59.69
61.70 45.95
63.40 42.17
64.60 38.62
46.50 59.52
54.30 57.09
57.30 55.70
51.30 58.97
61.10 46.53
59.40 51.02
53.10 59.25
55.80 55.95
60.20 50.52
62.10 45.27
52.50 60.48
45.10 57.53
64.00 39.85
52.80 58.31
56.50 54.94
45.90 58.45
38.50 45.83
56.40 56.44
49.10 60.88
36.70 42.52
35.00 37.80
64.50 39.16
51.10 60.24
55.30 58.28
62.50 43.65
40.20 50.04
43.40 56.08
41.70 54.30
38.00 45.09
56.00 55.95
51.60 60.45
54.20 56.82
49.80 61.11
64.80 38.56
43.40 54.89
45.10 57.95
56.10 57.44
40.30 51.17
54.80 56.36
62.80 43.54
54.80 56.71
52.80 59.03
64.40 39.29
49.00 59.20
57.00 54.38
61.90 45.76
58.30 51.91
45.60 59.09
35.70 38.64
39.70 49.23
49.50 61.19
43.80 55.26
41.70 54.08
46.10 58.86
59.70 51.50
44.80 58.62
55.30 57.38
47.10 58.22
61.10 46.95
36.40 41.72
40.80 50.83
39.40 48.72
40.60 51.24
50.10 60.46
59.40 52.17
35.00 37.12
45.40 56.82
42.00 53.91
62.20 44.63
49.70 61.18
36.80 42.16
37.10 42.38
63.40 41.75
62.90 42.28
40.90 52.07
38.80 46.35
59.30 50.40
50.80 60.05
45.00 58.85
44.30 57.25
56.40 54.61
42.30 53.82
59.40 50.26
46.80 58.22
57.30 53.39
36.40 40.78
61.80 46.77
46.40 58.49
48.60 58.79
63.90 40.04
44.60 57.44
45.10 58.66
42.50 54.49
43.30 55.60
50.10 61.14
50.10 60.12
35.70 39.34
39.00 47.43
51.70 58.72
53.70 59.09
37.70 45.22
42.10 52.52
54.30 58.95
64.20 38.84
52.30 60.75
41.80 54.18
47.80 59.02
49.30 58.58
42.50 53.43
52.20 60.23
63.60 42.20
54.10 56.91
41.60 53.54
47.50 58.06
62.80 43.70
56.30 55.37
37.30 44.19
64.10 40.24
41.10 52.43
59.80 50.28
59.30 51.32
48.50 59.01
44.30 55.90
37.60 45.63
44.40 58.19
49.30 61.42
61.20 46.87
61.60 46.49
43.40 54.84
38.20 45.01
41.80 53.18
60.50 49.19
40.50 51.83
47.10 58.38
59.60 50.75
55.90 57.03
43.40 55.05
49.60 58.98
58.50 53.17
48.20 59.11
58.90 50.85
53.50 59.96
52.80 58.20
62.80 43.56
35.50 39.12
53.20 60.12
61.30 48.04
57.50 55.27
49.70 59.93
46.50 58.91
45.80 57.01
62.10 45.58
51.40 61.18
36.40 41.68
41.70 52.23
47.10 59.32
63.40 43.05
37.10 43.79
51.00 59.65
43.20 56.50
64.20 39.24
54.60 56.94
63.30 42.77
62.30 44.11
38.40 46.49
46.50 57.98
51.50 59.61
62.00 46.43
41.60 52.11
49.70 59.72
55.50 56.15
56.60 54.73
45.50 56.73
63.40 41.18
46.50 60.12
54.90 57.26
46.80 59.97
53.00 58.28
50.30 60.83
50.10 59.38
43.80 55.51
46.20 59.65
57.00 55.97
37.80 46.12
61.50 46.35
41.50 53.01
40.10 50.17
39.90 50.05
44.70 55.95
40.40 51.29
35.70 39.43
64.30 38.85
56.40 55.31
50.70 60.47
47.70 59.52
48.10 60.52
56.00 57.50
39.70 48.96
52.50 58.47
48.50 58.48
58.90 51.56
38.50 46.04
49.90 58.69
37.80 44.24
56.10 56.43
36.20 41.13
55.60 58.08
39.20 47.54
38.20 46.48
55.40 56.22
62.50 44.22
36.30 41.55
45.90 58.81
54.90 57.41
44.80 56.47
46.00 58.59
62.50 44.10
54.20 59.36
42.80 55.72
62.50 43.67
52.70 58.37
60.00 49.54
60.80 49.52
52.00 60.73
53.20 59.65
57.90 54.89
52.10 60.66
62.30 45.14
59.70 49.61
56.00 56.61
63.40 42.37
44.20 55.47
56.60 54.44
62.40 44.54
48.40 60.65
62.80 44.45
50.00 59.53
44.50 55.85
47.20 60.17
54.20 59.63
42.20 54.14
50.70 58.56
39.50 50.03
46.00 59.10
63.10 42.69
54.60 57.98
61.50 46.22
55.90 55.64
44.10 57.84
48.30 60.20
38.70 47.93
36.30 41.80
48.60 60.10
44.70 57.28
48.90 60.81
54.90 58.82
57.50 54.82
41.20 51.21
59.50 49.73
38.30 46.86
60.30 48.70
54.90 56.64
55.80 55.78
53.70 59.54
44.60 57.90
62.90 42.36
57.80 55.04
63.80 41.58
49.20 60.76
37.70 44.41
51.00 58.65
61.60 46.61
45.20 56.37
44.80 57.43
40.30 50.30
49.40 60.15
54.40 59.04
56.90 55.02
42.50 55.17
58.20 52.28
40.90 50.92
53.60 57.93
55.00 57.27
39.70 49.89
36.00 40.90
59.00 52.10
45.30 57.85
35.30 37.79
64.70 39.13
42.90 55.89
56.40 55.76
60.70 49.16
42.20 54.96
43.80 55.08
61.40 48.12
39.40 48.21
39.00 48.98
58.60 51.83
36.20 40.77
45.10 57.25
62.10 45.97
59.60 50.63
63.10 43.38
56.70 54.80
59.00 51.67
41.10 53.09
37.50 43.32
57.40 53.18
59.40 50.93
58.30 52.04
35.20 38.91
36.30 41.15
48.60 60.85
57.50 55.38
38.50 47.69
57.30 55.61
63.70 41.48
39.50 49.69
50.20 60.34
58.30 54.31
62.50 45.22
62.30 43.93
57.80 53.28
63.70 41.33
51.40 58.92
52.40 58.42
59.20 51.53
59.50 52.16
56.00 57.44
35.20 38.52
63.30 42.65
61.20 46.53
45.80 57.45
52.60 59.16
48.20 59.96
36.20 41.19
49.50 58.84
59.50 51.17
51.50 60.26
49.10 60.54
64.10 40.77
35.30 38.08
44.30 57.54
62.40 44.57
37.00 42.45
63.20 43.35
43.20 55.52
37.60 44.85
56.60 54.77
37.50 44.84
39.50 49.55
38.70 46.81
39.20 47.38
63.80 40.40
49.30 60.41
47.60 58.83
49.90 60.70
56.10 57.54
50.70 59.85
54.50 57.62
54.00 58.35
52.60 60.79
36.50 41.83
53.10 59.32
54.60 58.30
59.60 49.70
37.90 45.37
